-0.10191551422203508
-0.10191684995324797
-0.1019181858037208
-0.10191952177434875
-0.10192085786602759
-0.10192219407965768
-0.10192353041614001
-0.10192486687637566
-0.10192620346126581
-0.10192754017171163
-0.10192887700861411
-0.10193021397287756
-0.10193155106541839
-0.10193288828715576
-0.10193422563900874
-0.10193556312189618
-0.10193690073673657
-0.10193823848444894
-0.1019395763659519
-0.10194091438216425
-0.10194225253400649
-0.1019435908224068
-0.10194492924829489
-0.10194626781260065
-0.10194760651625392
-0.10194894536018456
-0.10195028434532229
-0.1019516234725971
-0.10195296274293875
-0.10195430215727712
-0.10195564171654205
-0.10195698142166337
-0.10195832127357093
-0.10195966127319447
-0.101961001421464
-0.10196234171930922
-0.10196368216766007
-0.10196502276744639
-0.10196636351959784
-0.10196770442504452
-0.10196904548471605
-0.10197038669954242
-0.1019717280704534
-0.1019730695983789
-0.10197441128424863
-0.10197575312899505
-0.10197709513356043
-0.10197843729888459
-0.10197977962588775
-0.10198112211548524
-0.1019824647685923
-0.1019838075861241
-0.10198515056899606
-0.1019864937181235
-0.10198783703442155
-0.10198918051880557
-0.10199052417219079
-0.10199186799549256
-0.10199321198962615
-0.10199455615550679
-0.10199590049404979
-0.10199724500617043
-0.10199858969278529
-0.10199993455482281
-0.10200127959323915
-0.10200262480899712
-0.10200397020305942
-0.10200531577638834
-0.1020066615299462
-0.10200800746469531
-0.10200935358159781
-0.10201069988162044
-0.10201204636574669
-0.10201339303496465
-0.10201473989026234
-0.1020160869326277
-0.10201743416304879
-0.1020187815825135
-0.10202012919200998
-0.10202147699252608
-0.1020228249850498
-0.10202417317057022
-0.10202552155008002
-0.10202687012457283
-0.10202821889504243
-0.10202956786248255
-0.10203091702788696
-0.10203226639224922
-0.10203361595656317
-0.10203496572182255
-0.10203631568901572
-0.10203766585911325
-0.10203901623309039
-0.10204036681192517
-0.10204171759659522
-0.1020430685880785
-0.10204441978735372
-0.10204577119540317
-0.10204712281320995
-0.1020484746417573
-0.1020498266820282
-0.10205117893500593
-0.10205253140167359
-0.102053884083015
-0.1020552369800171
-0.1020565900936677
-0.10205794342495428
-0.10205929697486443
-0.10206065074438747
-0.10206200473452043
-0.10206335894627105
-0.10206471338064921
-0.1020660680386649
-0.10206742292132823
-0.10206877802964898
-0.10207013336463719
-0.10207148892730304
-0.10207284471865612
-0.1020742007397091
-0.10207555699148402
-0.10207691347500707
-0.10207827019131073
-0.10207962714142912
-0.10208098432639667
-0.10208234174724735
-0.10208369940501537
-0.10208505730073497
-0.10208641543544017
-0.10208777381016483
-0.10208913242594267
-0.10209049128380748
-0.10209185038479297
-0.10209320972993549
-0.1020945693202812
-0.10209592915687901
-0.1020972892407751
-0.10209864957300437
-0.10210001015459949
-0.10210137098659601
-0.10210273207004425
-0.10210409340599746
-0.10210545499550928
-0.10210681683963316
-0.10210817893942262
-0.10210954129593114
-0.10211090391021212
-0.10211226678331917
-0.10211362991630571
-0.10211499331022526
-0.10211635696613136
-0.10211772088507741
-0.10211908506811697
-0.10212044951630353
-0.10212181423069203
-0.10212317921234329
-0.1021245444623194
-0.10212590998168278
-0.10212727577149558
-0.10212864183282003
-0.10213000816671845
-0.10213137477425284
-0.10213274165648571
-0.10213410881447918
-0.10213547624929549
-0.1021368439619969
-0.10213821195364556
-0.10213958022530378
-0.10214094877803379
-0.10214231761289787
-0.10214368673095815
-0.102145056133277
-0.1021464258209165
-0.10214779579493899
-0.10214916605640673
-0.10215053660638185
-0.1021519074459266
-0.10215327857610788
-0.10215464999801052
-0.10215602171272405
-0.10215739372133782
-0.10215876602494131
-0.10216013862462181
-0.10216151152145908
-0.10216288471653583
-0.102164258210936
-0.10216563200574369
-0.10216700610204298
-0.1021683805009178
-0.10216975520345233
-0.1021711302107304
-0.10217250552383624
-0.10217388114385377
-0.10217525707186713
-0.1021766333089603
-0.10217800985621725
-0.10217938671472611
-0.10218076388559343
-0.10218214136993996
-0.10218351916888897
-0.10218489728356382
-0.10218627571508782
-0.10218765446458421
-0.10218903353317639
-0.10219041292198748
-0.10219179263214222
-0.10219317266476947
-0.10219455302099967
-0.102195933701963
-0.10219731470878973
-0.102198696042605
-0.10220007770451003
-0.10220145969559105
-0.10220284201693171
-0.10220422466961701
-0.10220560765473251
-0.10220699097335438
-0.10220837462655616
-0.10220975861541115
-0.10221114294098724
-0.10221252760433197
-0.10221391260649702
-0.10221529794853665
-0.10221668363150481
-0.10221806965645579
-0.10221945602444342
-0.1022208427365229
-0.10222222979375288
-0.10222361719719304
-0.10222500494790283
-0.102226393046942
-0.10222778149537022
-0.1022291702942489
-0.10223055944464694
-0.10223194894763539
-0.10223333880428487
-0.10223472901566628
-0.10223611958284727
-0.10223751050688216
-0.1022389017888222
-0.10224029342971865
-0.10224168543062252
-0.10224307779258515
-0.10224447051666047
-0.10224586360391352
-0.10224725705541224
-0.10224865087222466
-0.10225004505541875
-0.10225143960606436
-0.10225283452523937
-0.10225422981402363
-0.10225562547349716
-0.10225702150474027
-0.10225841790883505
-0.1022598146868693
-0.10226121183993671
-0.10226260936914859
-0.10226400727562034
-0.10226540556046801
-0.10226680422480686
-0.10226820326975268
-0.10226960269642112
-0.10227100250592779
-0.10227240269938832
-0.10227380327791846
-0.10227520424263369
-0.10227660559464963
-0.10227800733508209
-0.10227940946504664
-0.10228081198565886
-0.10228221489803441
-0.10228361820328892
-0.10228502190253809
-0.10228642599689751
-0.10228783048748276
-0.10228923537540971
-0.10229064066179366
-0.10229204634775045
-0.10229345243439572
-0.10229485892284501
-0.1022962658142141
-0.1022976731096185
-0.10229908081017396
-0.1023004889169967
-0.10230189743120653
-0.10230330635392633
-0.10230471568628999
-0.10230612542943514
-0.10230753558450449
-0.10230894615264245
-0.10231035713499294
-0.10231176853270092
-0.10231318034691513
-0.10231459257879207
-0.1023160052294983
-0.10231741830018941
-0.10231883179201938
-0.10232024570614237
-0.10232166004371299
-0.10232307480588536
-0.10232448999381598
-0.10232590560866889
-0.1023273216516103
-0.10232873812380627
-0.10233015502642302
-0.10233157236062673
-0.10233299012758332
-0.10233440832845912
-0.10233582696442019
-0.10233724603663275
-0.10233866554626277
-0.10234008549447648
-0.10234150588243998
-0.10234292671131953
-0.10234434798228113
-0.10234576969649092
-0.10234719185511511
-0.10234861445931973
-0.1023500375102709
-0.10235146100913503
-0.10235288495707787
-0.10235430935526582
-0.1023557342048649
-0.10235715950704134
-0.10235858526296111
-0.1023600114737917
-0.10236143814070567
-0.10236286526487688
-0.10236429284747457
-0.10236572088965003
-0.10236714939255205
-0.10236857835733594
-0.10237000778515916
-0.10237143767718102
-0.10237286803457009
-0.10237429885849686
-0.10237573015013202
-0.10237716191064615
-0.10237859414120988
-0.10238002684299388
-0.10238146001716875
-0.10238289366490509
-0.10238432778737357
-0.10238576238574468
-0.10238719746118925
-0.10238863301487783
-0.102390069047981
-0.10239150556166937
-0.10239294255711359
-0.10239438003548436
-0.10239581799795215
-0.10239725644568777
-0.10239869537986163
-0.10240013480164456
-0.10240157471220714
-0.10240301511271974
-0.10240445600435331
-0.1024058973882791
-0.10240733926563175
-0.10240878163739002
-0.10241022450449315
-0.1024116678678807
-0.10241311172849205
-0.10241455608726648
-0.10241600094514344
-0.10241744630306243
-0.10241889216196368
-0.1024203385227912
-0.10242178538649009
-0.1024232327540051
-0.10242468062628128
-0.10242612900426377
-0.10242757788889734
-0.10242902728112697
-0.1024304771819009
-0.10243192759217946
-0.10243337851292611
-0.10243482994510475
-0.10243628188967875
-0.10243773434761175
-0.10243918731986741
-0.10244064080740921
-0.1024420948112007
-0.10244354933220569
-0.10244500437138752
-0.10244645992970998
-0.10244791600813646
-0.10244937260763069
-0.10245082972915623
-0.10245228737367659
-0.10245374554215719
-0.10245520423557197
-0.10245666345490344
-0.10245812320113591
-0.10245958347525363
-0.10246104427824089
-0.10246250561108214
-0.10246396747476141
-0.10246542987026314
-0.10246689279857146
-0.10246835626067091
-0.10246982025754563
-0.10247128479017992
-0.10247274985955805
-0.10247421546666421
-0.10247568161248297
-0.10247714829799837
-0.10247861552419474
-0.10248008329205645
-0.10248155160256772
-0.1024830204567129
-0.10248448985547619
-0.10248595979984183
-0.10248743029079434
-0.1024889013293178
-0.1024903729163965
-0.10249184505301479
-0.10249331774015427
-0.10249479097878515
-0.10249626476987529
-0.10249773911439215
-0.10249921401330366
-0.10250068946757727
-0.10250216547818058
-0.10250364204608144
-0.1025051191722474
-0.1025065968576461
-0.10250807510324525
-0.10250955391001255
-0.10251103327891549
-0.10251251321092181
-0.10251399370699918
-0.10251547476811532
-0.1025169563952378
-0.10251843858933431
-0.10251992135137251
-0.10252140468231997
-0.10252288858314447
-0.10252437305481357
-0.10252585809829493
-0.1025273437145564
-0.10252882990456458
-0.10253031666928343
-0.102531804009676
-0.10253329192670538
-0.10253478042133454
-0.10253626949452657
-0.10253775914724451
-0.10253924938045157
-0.10254074019511125
-0.1025422315921901
-0.1025437235726555
-0.10254521613747457
-0.10254670928761447
-0.10254820302404244
-0.1025496973477257
-0.10255119225963148
-0.1025526877607269
-0.10255418385197923
-0.10255568053435737
-0.10255717780883696
-0.10255867567639528
-0.1025601741380097
-0.10256167319465757
-0.10256317284731617
-0.10256467309696282
-0.10256617394457485
-0.10256767539112967
-0.10256917743760453
-0.10257068008497679
-0.10257218333422372
-0.10257368718632268
-0.10257519164225097
-0.10257669670298603
-0.10257820236950511
-0.10257970864278544
-0.10258121552380266
-0.10258272301352511
-0.1025842311129192
-0.10258573982295145
-0.10258724914458843
-0.10258875907879668
-0.10259026962654261
-0.10259178078879268
-0.10259329256651359
-0.10259480496067165
-0.1025963179722375
-0.10259783160219724
-0.10259934585154126
-0.10260086072125972
-0.10260237621234286
-0.10260389232578089
-0.10260540906256405
-0.10260692642368108
-0.10260844441011488
-0.10260996302284672
-0.10261148226285806
-0.10261300213113012
-0.1026145226286454
-0.10261604375639131
-0.10261756551535649
-0.10261908790652903
-0.10262061093089778
-0.10262213458945099
-0.10262365888317729
-0.10262518381306511
-0.10262670938010292
-0.10262823558527921
-0.10262976242958258
-0.1026312899140013
-0.10263281803952412
-0.10263434680714068
-0.1026358762178467
-0.10263740627263909
-0.10263893697251465
-0.10264046831847053
-0.10264200031150356
-0.1026435329526107
-0.10264506624278893
-0.10264660018303506
-0.10264813477434638
-0.1026496700177059
-0.10265120591404352
-0.10265274246427519
-0.10265427966931708
-0.10265581753008525
-0.10265735604749604
-0.10265889522246731
-0.10266043505591879
-0.1026619755487772
-0.10266351670197112
-0.10266505851642915
-0.10266660099307973
-0.10266814413285141
-0.10266968793667279
-0.10267123240547227
-0.10267277754017855
-0.10267432334171994
-0.10267586981102518
-0.10267741694902091
-0.10267896475662733
-0.10268051323476252
-0.10268206238434477
-0.10268361220629244
-0.10268516270152377
-0.10268671387095694
-0.1026882657155103
-0.10268981823610444
-0.10269137143367069
-0.10269292530914903
-0.10269447986348139
-0.1026960350975888
-0.10269759101230885
-0.10269914760845891
-0.1027007048868558
-0.10270226284831666
-0.10270382149365831
-0.10270538082369796
-0.10270694083925254
-0.1027085015411391
-0.1027100629301747
-0.10271162500717643
-0.10271318777296107
-0.10271475122834584
-0.10271631537414776
-0.10271788021118386
-0.10271944574027099
-0.10272101196222314
-0.10272257887784139
-0.10272414648792336
-0.10272571479326695
-0.10272728379466999
-0.10272885349293025
-0.10273042388884548
-0.1027319949832136
-0.10273356677683243
-0.10273513927049974
-0.1027367124650132
-0.10273828636117079
-0.1027398609597703
-0.10274143626160953
-0.10274301226748622
-0.10274458897819826
-0.10274616639454347
-0.10274774451731948
-0.10274932334732437
-0.10275090288535568
-0.10275248313221144
-0.10275406408868945
-0.10275564575558727
-0.10275722813370293
-0.1027588112238342
-0.10276039502677889
-0.10276197954333477
-0.10276356477429976
-0.10276515072047152
-0.10276673738265107
-0.10276832476165254
-0.10276991285829291
-0.1027715016733896
-0.10277309120775946
-0.10277468146221999
-0.10277627243758815
-0.10277786413468117
-0.10277945655431131
-0.10278104969727085
-0.1027826435643471
-0.10278423815632748
-0.10278583347399928
-0.10278742951814986
-0.10278902628956658
-0.10279062378903679
-0.10279222201734839
-0.10279382097529198
-0.10279542066365857
-0.10279702108323921
-0.10279862223482515
-0.10280022411920728
-0.10280182673717678
-0.1028034300895247
-0.10280503417704222
-0.10280663900052037
-0.1028082445607502
-0.10280985085852293
-0.10281145789462949
-0.10281306566986109
-0.10281467418500874
-0.10281628344086355
-0.10281789343821661
-0.10281950417785904
-0.10282111566058193
-0.1028227278871764
-0.10282434085843337
-0.10282595457514408
-0.10282756903809963
-0.10282918424809108
-0.10283080020590944
-0.10283241691234592
-0.10283403436819206
-0.10283565257424156
-0.10283727153128876
-0.10283889124009599
-0.10284051170129896
-0.10284213291550129
-0.10284375488330698
-0.10284537760531992
-0.10284700108214365
-0.10284862531438221
-0.10285025030263935
-0.10285187604751898
-0.10285350254962479
-0.10285512980956064
-0.10285675782793051
-0.10285838660533676
-0.10286001614237733
-0.10286164643964868
-0.1028632774977475
-0.10286490931727023
-0.10286654189881346
-0.1028681752429738
-0.10286980935034774
-0.1028714442215318
-0.10287307985712271
-0.10287471625768747
-0.10287635342367521
-0.10287799135550588
-0.102879630053599
-0.10288126951837447
-0.10288290975025202
-0.10288455074965151
-0.10288619251699246
-0.10288783505269486
-0.10288947835717827
-0.1028911224308626
-0.10289276727416753
-0.10289441288751276
-0.10289605927131824
-0.10289770642600356
-0.10289935435198848
-0.10290100304967052
-0.10290265251935804
-0.10290430276133727
-0.10290595377589432
-0.10290760556331525
-0.10290925812388638
-0.10291091145789362
-0.10291256556562334
-0.1029142204473615
-0.10291587610339435
-0.10291753253400794
-0.10291918973948848
-0.10292084772012204
-0.10292250647619491
-0.10292416600799306
-0.10292582631580267
-0.10292748739990999
-0.10292914926060105
-0.10293081189816201
-0.10293247531288104
-0.10293413950505426
-0.10293580447497988
-0.10293747022295609
-0.10293913674928099
-0.10294080405425278
-0.10294247213816972
-0.10294414100132979
-0.1029458106440314
-0.10294748106657249
-0.10294915226925136
-0.10295082425236618
-0.10295249701621506
-0.10295417056109689
-0.10295584488731291
-0.1029575199951653
-0.1029591958849559
-0.10296087255698698
-0.10296255001156035
-0.10296422824897802
-0.10296590726954216
-0.102967587073556
-0.10296926766132855
-0.10297094903316996
-0.1029726311893905
-0.10297431413030046
-0.10297599785621003
-0.1029776823674295
-0.10297936766426909
-0.1029810537470391
-0.10298274061604973
-0.10298442827161125
-0.10298611671403515
-0.10298780594363803
-0.10298949596073781
-0.10299118676565219
-0.10299287835869907
-0.10299457074019744
-0.10299626391047109
-0.10299795786984461
-0.1029996526186429
-0.10300134815718875
-0.10300304448579804
-0.10300474160478808
-0.10300643951447674
-0.10300813821518218
-0.10300983770722265
-0.103011537990916
-0.10301323906658054
-0.1030149409345342
-0.1030166435950951
-0.10301834704858141
-0.10302005129531111
-0.10302175633560232
-0.10302346216977322
-0.10302516879814166
-0.10302687622102599
-0.10302858443874414
-0.10303029345161423
-0.10303200325995433
-0.10303371386408268
-0.10303542526431714
-0.10303713746097591
-0.10303885045437708
-0.1030405642448387
-0.10304227883267889
-0.10304399421821567
-0.1030457104017673
-0.10304742738365164
-0.10304914516418692
-0.10305086374369113
-0.10305258312248253
-0.10305430330087907
-0.10305602427919579
-0.10305774605773599
-0.10305946863679952
-0.10306119201668679
-0.10306291619769767
-0.1030646411801324
-0.1030663669642911
-0.1030680935504738
-0.10306982093898077
-0.10307154913011196
-0.10307327812416757
-0.10307500792144773
-0.10307673852225259
-0.10307846992688213
-0.10308020213563647
-0.10308193514881585
-0.10308366896672037
-0.10308540358965007
-0.10308713901790513
-0.10308887525178556
-0.10309061229159164
-0.1030923501376233
-0.10309408879018082
-0.10309582824956427
-0.10309756851607375
-0.10309930959000937
-0.10310105147167124
-0.10310279416135944
-0.10310453765937413
-0.10310628196601541
-0.10310802708158347
-0.10310977300635385
-0.10311151974050385
-0.10311326728418635
-0.10311501563755433
-0.10311676480076051
-0.10311851477392713
-0.103120265557054
-0.1031220171501101
-0.10312376955306467
-0.10312552276588674
-0.10312727678854547
-0.10312903162100986
-0.10313078726324909
-0.10313254371523226
-0.10313430097692856
-0.10313605904830697
-0.10313781792933667
-0.10313957761998671
-0.10314133812022622
-0.10314309943002435
-0.10314486154935011
-0.10314662447817273
-0.10314838821646126
-0.10315015276418475
-0.10315191812131239
-0.10315368428781325
-0.10315545126362126
-0.10315721904852902
-0.10315898764229425
-0.10316075704467449
-0.10316252725542716
-0.10316429827430992
-0.10316607010108042
-0.10316784273549594
-0.10316961617731414
-0.10317139042629266
-0.103173165482189
-0.10317494134476057
-0.10317671801376505
-0.10317849548896003
-0.10318027377010285
-0.10318205285691305
-0.10318383274895655
-0.10318561344576142
-0.10318739494682681
-0.10318917725153759
-0.10319096035925013
-0.10319274426932058
-0.10319452898110541
-0.10319631449396072
-0.10319810080724287
-0.1031998879203081
-0.10320167583251268
-0.10320346454321284
-0.10320525405176498
-0.10320704435751386
-0.10320883545975884
-0.10321062735778776
-0.10321242005088845
-0.10321421353834884
-0.10321600781945683
-0.10321780289350034
-0.1032195987597672
-0.1032213954175452
-0.1032231928661223
-0.10322499110478647
-0.10322679013278181
-0.10322858994918095
-0.10323039055302476
-0.10323219194335695
-0.10323399411922121
-0.10323579707966116
-0.10323760082372065
-0.10323940535044324
-0.10324121065887278
-0.10324301674805293
-0.10324482361702751
-0.10324663126478875
-0.10324843969012402
-0.10325024889176934
-0.10325205886846071
-0.10325386961893403
-0.10325568114192542
-0.10325749343617076
-0.10325930650040603
-0.10326112033336726
-0.10326293493379053
-0.10326475030041173
-0.10326656643196683
-0.10326838332719186
-0.10327020098482283
-0.10327201940359569
-0.10327383858220449
-0.10327565851917521
-0.10327747921299231
-0.10327930066213972
-0.10328112286510167
-0.10328294582036232
-0.10328476952640582
-0.10328659398171637
-0.10328841918477798
-0.10329024513407505
-0.10329207182809151
-0.10329389926531168
-0.10329572744421965
-0.10329755636329961
-0.10329938602103571
-0.10330121641591201
-0.1033030475464128
-0.10330487941102501
-0.10330671200824586
-0.10330854533657573
-0.10331037939451479
-0.10331221418056326
-0.10331404969322122
-0.10331588593098896
-0.10331772289236654
-0.10331956057585438
-0.10332139897995246
-0.10332323810316107
-0.10332507794398035
-0.10332691850091053
-0.10332875977245172
-0.10333060175710422
-0.10333244445336814
-0.10333428785973256
-0.1033361319746419
-0.1033379767965296
-0.10333982232382896
-0.10334166855497329
-0.10334351548839601
-0.10334536312253041
-0.10334721145580983
-0.1033490604866677
-0.1033509102135373
-0.10335276063485184
-0.10335461174904484
-0.10335646355454957
-0.1033583160498028
-0.10336016923325504
-0.10336202310336014
-0.1033638776585719
-0.10336573289734413
-0.1033675888181308
-0.10336944541938577
-0.10337130269956288
-0.10337316065711599
-0.10337501929049892
-0.10337687859816569
-0.10337873857856988
-0.10338059923016568
-0.10338246055140671
-0.10338432254074698
-0.10338618519664024
-0.10338804851754041
-0.10338991250190141
-0.10339177714817703
-0.10339364245482112
-0.10339550842028755
-0.10339737504303027
-0.10339924232150306
-0.1034011102541598
-0.10340297883945439
-0.10340484807584056
-0.10340671796177232
-0.10340858849570354
-0.10341045967608806
-0.10341233150137961
-0.10341420397003225
-0.10341607708049967
-0.10341795083123584
-0.10341982522069462
-0.10342170024732983
-0.10342357590959543
-0.1034254522059451
-0.10342732913483287
-0.10342920669471255
-0.10343108488403793
-0.10343296370126301
-0.10343484314484153
-0.1034367232132275
-0.10343860390487464
-0.10344048521823693
-0.1034423671517681
-0.10344424970392209
-0.10344613287315278
-0.103448016657914
-0.10344990105665962
-0.10345178606784355
-0.10345367168991956
-0.10345555792134156
-0.10345744476056344
-0.10345933220603912
-0.10346122025622223
-0.10346310890956692
-0.10346499816452685
-0.10346688801955592
-0.10346877847310815
-0.10347066952363723
-0.10347256116959705
-0.10347445340944147
-0.10347634624162451
-0.10347823966459978
-0.10348013367682131
-0.10348202827674301
-0.10348392346281854
-0.103485819233502
-0.103487715587247
-0.10348961252250762
-0.10349151003773753
-0.10349340813139084
-0.1034953068019213
-0.10349720604778258
-0.10349910586742882
-0.10350100625931385
-0.10350290722189139
-0.10350480875361531
-0.10350671085293961
-0.10350861351831811
-0.10351051674820466
-0.10351242054105303
-0.10351432489531721
-0.10351622980945104
-0.10351813528190829
-0.103520041311143
-0.10352194789560885
-0.1035238550337598
-0.10352576272404965
-0.10352767096493234
-0.10352957975486177
-0.1035314890922917
-0.10353339897567596
-0.10353530940346851
-0.10353722037412316
-0.10353913188609393
-0.10354104393783446
-0.10354295652779874
-0.1035448696544405
-0.10354678331621385
-0.1035486975115724
-0.10355061223897016
-0.10355252749686089
-0.1035544432836986
-0.10355635959793708
-0.10355827643803013
-0.10356019380243167
-0.1035621116895956
-0.10356403009797574
-0.10356594902602588
-0.10356786847220004
-0.10356978843495203
-0.10357170891273564
-0.10357362990400477
-0.10357555140721332
-0.1035774734208152
-0.10357939594326404
-0.10358131897301398
-0.10358324250851882
-0.10358516654823222
-0.10358709109060835
-0.1035890161341008
-0.10359094167716361
-0.10359286771825059
-0.10359479425581553
-0.1035967212883124
-0.10359864881419507
-0.1036005768319174
-0.10360250533993312
-0.10360443433669621
-0.10360636382066057
-0.1036082937902799
-0.10361022424400833
-0.10361215518029948
-0.10361408659760724
-0.1036160184943856
-0.10361795086908829
-0.10361988372016928
-0.10362181704608239
-0.10362375084528144
-0.10362568511622042
-0.10362761985735304
-0.10362955506713326
-0.1036314907440149
-0.10363342688645187
-0.103635363492898
-0.1036373005618071
-0.10363923809163314
-0.10364117608082994
-0.1036431145278514
-0.10364505343115125
-0.10364699278918346
-0.10364893260040192
-0.10365087286326044
-0.10365281357621291
-0.10365475473771313
-0.10365669634621506
-0.1036586384001725
-0.10366058089803934
-0.10366252383826943
-0.1036644672193166
-0.10366641103963485
-0.10366835529767782
-0.10367029999189958
-0.10367224512075388
-0.10367419068269464
-0.10367613667617569
-0.10367808309965089
-0.1036800299515741
-0.10368197723039925
-0.1036839249345801
-0.10368587306257057
-0.10368782161282451
-0.1036897705837958
-0.10369171997393835
-0.10369366978170591
-0.10369562000555252
-0.10369757064393176
-0.10369952169529766
-0.10370147315810427
-0.1037034250308051
-0.10370537731185424
-0.10370732999970551
-0.10370928309281266
-0.10371123658962979
-0.10371319048861054
-0.10371514478820885
-0.10371709948687866
-0.10371905458307376
-0.10372101007524785
-0.1037229659618551
-0.10372492224134927
-0.10372687891218413
-0.10372883597281367
-0.1037307934216916
-0.10373275125727185
-0.10373470947800843
-0.10373666808235495
-0.10373862706876548
-0.1037405864356938
-0.10374254618159376
-0.10374450630491926
-0.10374646680412407
-0.10374842767766218
-0.10375038892398744
-0.1037523505415536
-0.10375431252881463
-0.10375627488422434
-0.10375823760623665
-0.10376020069330537
-0.10376216414388438
-0.10376412795642753
-0.10376609212938875
-0.10376805666122177
-0.10377002155038066
-0.10377198679531907
-0.10377395239449097
-0.10377591834635026
-0.10377788464935071
-0.10377985130194617
-0.10378181830259063
-0.10378378564973784
-0.1037857533418417
-0.10378772137735609
-0.1037896897547349
-0.10379165847243182
-0.10379362752890099
-0.10379559692259616
-0.10379756665197108
-0.1037995367154797
-0.10380150711157592
-0.10380347783871346
-0.10380544889534637
-0.1038074202799285
-0.1038093919909135
-0.10381136402675548
-0.10381333638590817
-0.10381530906682547
-0.10381728206796124
-0.10381925538776933
-0.1038212290247037
-0.10382320297721805
-0.10382517724376632
-0.10382715182280246
-0.10382912671278012
-0.10383110191215345
-0.10383307741937606
-0.10383505323290187
-0.10383702935118486
-0.10383900577267878
-0.10384098249583759
-0.10384295951911515
-0.10384493684096509
-0.10384691445984151
-0.10384889237419827
-0.1038508705824891
-0.10385284908316797
-0.1038548278746888
-0.10385680695550534
-0.1038587863240714
-0.10386076597884103
-0.10386274591826787
-0.10386472614080605
-0.10386670664490916
-0.10386868742903212
-0.10387066849163257
-0.10387264983116945
-0.10387463144610126
-0.10387661333488686
-0.10387859549598483
-0.10388057792785393
-0.10388256062895285
-0.10388454359774028
-0.10388652683267491
-0.1038885103322155
-0.10389049409482061
-0.10389247811894908
-0.10389446240305952
-0.10389644694561072
-0.1038984317450613
-0.10390041679986996
-0.10390240210849548
-0.10390438766939647
-0.10390637348103166
-0.10390835954185976
-0.10391034585033943
-0.10391233240492946
-0.10391431920408843
-0.10391630624627508
-0.10391829352994818
-0.10392028105356635
-0.10392226881558837
-0.10392425681447275
-0.10392624504867838
-0.1039282335166639
-0.10393022221688804
-0.10393221114780948
-0.10393420030788682
-0.10393618969557893
-0.10393817930934433
-0.10394016914764194
-0.10394215920893028
-0.10394414949166804
-0.10394613999431401
-0.10394813071532688
-0.10395012165316532
-0.10395211280628813
-0.10395410417315379
-0.10395609575222114
-0.1039580875419489
-0.10396007954079571
-0.10396207174722029
-0.10396406415968133
-0.1039660567766375
-0.10396804959654761
-0.10397004261787028
-0.10397203583906424
-0.10397402925858816
-0.10397602287490064
-0.10397801668646056
-0.10398001069172656
-0.10398200488915729
-0.10398399927721153
-0.10398599385434784
-0.10398798861902514
-0.10398998356970184
-0.10399197870483688
-0.10399397402288879
-0.10399596952231646
-0.10399796520157835
-0.10399996105913346
-0.10400195709344025
-0.10400395330295747
-0.10400594968614389
-0.10400794624145811
-0.1040099429673589
-0.10401193986230486
-0.10401393692475476
-0.10401593415316743
-0.1040179315460014
-0.10401992910171538
-0.10402192681876804
-0.1040239246956182
-0.10402592273072458
-0.10402792092254566
-0.10402991926954036
-0.10403191777016729
-0.1040339164228851
-0.1040359152261526
-0.10403791417842832
-0.10403991327817115
-0.10404191252383974
-0.10404391191389278
-0.10404591144678882
-0.10404791112098678
-0.10404991093494521
-0.1040519108871229
-0.10405391097597845
-0.10405591119997067
-0.10405791155755825
-0.10405991204719987
-0.10406191266735411
-0.10406391341647978
-0.10406591429303567
-0.10406791529548033
-0.10406991642227237
-0.10407191767187073
-0.10407391904273398
-0.10407592053332089
-0.10407792214209009
-0.10407992386750031
-0.10408192570801018
-0.10408392766207847
-0.10408592972816393
-0.10408793190472511
-0.10408993419022086
-0.1040919365831098
-0.10409393908185056
-0.10409594168490198
-0.10409794439072277
-0.10409994719777142
-0.10410195010450687
-0.10410395310938769
-0.1041059562108726
-0.10410795940742026
-0.10410996269748951
-0.10411196607953885
-0.10411396955202715
-0.10411597311341303
-0.10411797676215515
-0.10411998049671231
-0.10412198431554309
-0.10412398821710636
-0.10412599219986063
-0.10412799626226472
-0.10413000040277726
-0.10413200461985696
-0.10413400891196258
-0.10413601327755274
-0.10413801771508621
-0.10414002222302178
-0.10414202679981784
-0.10414403144393333
-0.10414603615382687
-0.10414804092795729
-0.10415004576478311
-0.10415205066276301
-0.10415405562035586
-0.10415606063602036
-0.104158065708215
-0.10416007083539867
-0.10416207601603004
-0.10416408124856766
-0.10416608653147036
-0.10416809186319692
-0.1041700972422059
-0.10417210266695598
-0.10417410813590593
-0.10417611364751449
-0.10417811920024027
-0.10418012479254203
-0.10418213042287848
-0.10418413608970825
-0.10418614179149002
-0.10418814752668262
-0.10419015329374463
-0.1041921590911348
-0.10419416491731177
-0.10419617077073431
-0.10419817664986118
-0.10420018255315086
-0.10420218847906226
-0.10420419442605401
-0.10420620039258476
-0.10420820637711325
-0.10421021237809827
-0.10421221839399829
-0.10421422442327222
-0.10421623046437867
-0.10421823651577639
-0.104220242575924
-0.10422224864328028
-0.10422425471630387
-0.10422626079345347
-0.10422826687318779
-0.10423027295396568
-0.10423227903424553
-0.10423428511248627
-0.10423629118714653
-0.10423829725668506
-0.10424030331956047
-0.10424230937423146
-0.10424431541915684
-0.10424632145279514
-0.10424832747360525
-0.10425033348004582
-0.10425233947057544
-0.10425434544365281
-0.1042563513977368
-0.10425835733128595
-0.10426036324275906
-0.10426236913061475
-0.10426437499331179
-0.10426638082930882
-0.10426838663706457
-0.10427039241503769
-0.10427239816168685
-0.10427440387547093
-0.10427640955484845
-0.10427841519827824
-0.10428042080421887
-0.10428242637112912
-0.10428443189746764
-0.10428643738169324
-0.10428844282226445
-0.10429044821764004
-0.10429245356627875
-0.10429445886663939
-0.10429646411718044
-0.1042984693163606
-0.10430047446263872
-0.10430247955447337
-0.10430448459032335
-0.10430648956864728
-0.10430849448790398
-0.10431049934655201
-0.10431250414305018
-0.10431450887585712
-0.10431651354343148
-0.104318518144232
-0.1043205226767175
-0.10432252713934655
-0.10432453153057786
-0.10432653584887021
-0.10432854009268219
-0.10433054426047247
-0.1043325483506999
-0.10433455236182317
-0.10433655629230083
-0.10433856014059166
-0.10434056390515434
-0.10434256758444763
-0.10434457117693019
-0.1043465746810607
-0.10434857809529788
-0.10435058141810041
-0.10435258464792695
-0.10435458778323632
-0.10435659082248716
-0.1043585937641382
-0.10436059660664802
-0.10436259934847547
-0.10436460198807915
-0.10436660452391776
-0.10436860695445001
-0.1043706092781346
-0.10437261149343031
-0.10437461359879571
-0.10437661559268965
-0.10437861747357066
-0.10438061923989758
-0.10438262089012901
-0.10438462242272363
-0.1043866238361403
-0.10438862512883759
-0.10439062629927419
-0.10439262734590882
-0.10439462826720022
-0.10439662906160702
-0.104398629727588
-0.10440063026360186
-0.10440263066810719
-0.10440463093956273
-0.1044066310764273
-0.1044086310771594
-0.10441063094021792
-0.10441263066406144
-0.10441463024714868
-0.10441662968793834
-0.10441862898488911
-0.10442062813645976
-0.10442262714110896
-0.10442462599729535
-0.10442662470347766
-0.10442862325811453
-0.10443062165966482
-0.10443261990658713
-0.10443461799734007
-0.10443661593038245
-0.10443861370417311
-0.10444061131717039
-0.10444260876783326
-0.10444460605462035
-0.10444660317599032
-0.10444860013040187
-0.10445059691631384
-0.10445259353218476
-0.10445458997647339
-0.10445658624763844
-0.10445858234413857
-0.1044605782644325
-0.10446257400697899
-0.10446456957023662
-0.10446656495266415
-0.10446856015272034
-0.10447055516886386
-0.1044725499995533
-0.10447454464324749
-0.10447653909840503
-0.10447853336348475
-0.10448052743694522
-0.1044825213172451
-0.10448451500284332
-0.10448650849219827
-0.10448850178376895
-0.10449049487601388
-0.10449248776739176
-0.10449448045636131
-0.10449647294138137
-0.10449846522091036
-0.10450045729340723
-0.10450244915733059
-0.10450444081113908
-0.10450643225329155
-0.10450842348224645
-0.10451041449646274
-0.10451240529439897
-0.10451439587451392
-0.10451638623526621
-0.10451837637511456
-0.10452036629251771
-0.10452235598593432
-0.10452434545382308
-0.1045263346946428
-0.10452832370685208
-0.10453031248890945
-0.104532301039274
-0.10453428935640408
-0.10453627743875861
-0.10453826528479618
-0.10454025289297553
-0.10454224026175525
-0.10454422738959424
-0.104546214274951
-0.1045482009162844
-0.10455018731205308
-0.1045521734607156
-0.10455415936073083
-0.10455614501055746
-0.1045581304086541
-0.10456011555347951
-0.10456210044349235
-0.10456408507715127
-0.10456606945291513
-0.1045680535692426
-0.10457003742459225
-0.1045720210174229
-0.10457400434619306
-0.10457598740936168
-0.10457797020538728
-0.10457995273272867
-0.10458193498984442
-0.10458391697519338
-0.10458589868723422
-0.10458788012442556
-0.10458986128522606
-0.1045918421680946
-0.10459382277148976
-0.10459580309387016
-0.10459778313369471
-0.10459976288942195
-0.10460174235951067
-0.1046037215424194
-0.10460570043660707
-0.10460767904053217
-0.10460965735265353
-0.10461163537142985
-0.10461361309531975
-0.10461559052278206
-0.10461756765227524
-0.10461954448225827
-0.10462152101118966
-0.10462349723752855
-0.10462547315973562
-0.10462744877627166
-0.1046294240855977
-0.10463139908617472
-0.10463337377646367
-0.1046353481549255
-0.1046373222200213
-0.10463929597021199
-0.10464126940395842
-0.10464324251972153
-0.10464521531596242
-0.1046471877911421
-0.10464915994372138
-0.10465113177216129
-0.10465310327492283
-0.104655074450467
-0.10465704529725454
-0.1046590158137467
-0.1046609859984042
-0.10466295584968824
-0.10466492536605958
-0.10466689454597933
-0.10466886338790836
-0.10467083189030774
-0.10467280005163837
-0.10467476787036115
-0.10467673534493714
-0.10467870247382728
-0.1046806692554925
-0.10468263568839385
-0.10468460177099222
-0.10468656750174862
-0.10468853287912395
-0.10469049790157929
-0.10469246256757544
-0.10469442687557347
-0.10469639082403437
-0.10469835441141911
-0.1047003176361885
-0.10470228049680376
-0.1047042429917257
-0.10470620511941521
-0.10470816687833333
-0.10471012826694119
-0.1047120892836995
-0.10471404992706923
-0.10471601019551169
-0.10471797008748748
-0.10471992960145753
-0.10472188873588317
-0.10472384748922511
-0.10472580585994436
-0.10472776384650191
-0.10472972144735869
-0.10473167866097566
-0.10473363548581378
-0.10473559192033412
-0.10473754796299743
-0.104739503612265
-0.10474145886659753
-0.10474341372445599
-0.10474536818430145
-0.1047473222445949
-0.10474927590379715
-0.10475122916036933
-0.1047531820127723
-0.10475513445946716
-0.10475708649891467
-0.10475903812957589
-0.10476098934991185
-0.10476294015838349
-0.1047648905534517
-0.10476684053357757
-0.10476879009722184
-0.10477073924284572
-0.10477268796891014
-0.10477463627387594
-0.10477658415620411
-0.10477853161435574
-0.10478047864679166
-0.10478242525197293
-0.10478437142836042
-0.1047863171744152
-0.10478826248859816
-0.1047902073693702
-0.10479215181519248
-0.10479409582452581
-0.10479603939583128
-0.10479798252756974
-0.10479992521820217
-0.10480186746618957
-0.10480380926999285
-0.1048057506280731
-0.10480769153889112
-0.10480963200090805
-0.10481157201258474
-0.10481351157238217
-0.10481545067876129
-0.10481738933018314
-0.10481932752510865
-0.10482126526199871
-0.10482320253931435
-0.10482513935551654
-0.10482707570906633
-0.1048290115984245
-0.10483094702205213
-0.10483288197841018
-0.10483481646595957
-0.10483675048316132
-0.10483868402847636
-0.10484061710036566
-0.10484254969729018
-0.10484448181771093
-0.1048464134600888
-0.10484834462288484
-0.10485027530455995
-0.10485220550357507
-0.10485413521839128
-0.10485606444746953
-0.10485799318927062
-0.10485992144225564
-0.10486184920488567
-0.10486377647562144
-0.10486570325292408
-0.10486762953525437
-0.10486955532107353
-0.10487148060884231
-0.1048734053970218
-0.10487532968407298
-0.10487725346845674
-0.10487917674863412
-0.1048810995230659
-0.10488302179021336
-0.1048849435485371
-0.10488686479649842
-0.10488878553255807
-0.10489070575517709
-0.10489262546281647
-0.10489454465393709
-0.10489646332699992
-0.10489838148046607
-0.10490029911279643
-0.10490221622245183
-0.10490413280789349
-0.10490604886758215
-0.10490796439997893
-0.10490987940354465
-0.10491179387674038
-0.10491370781802703
-0.10491562122586562
-0.10491753409871708
-0.10491944643504236
-0.10492135823330247
-0.10492326949195847
-0.10492518020947103
-0.10492709038430127
-0.10492900001491028
-0.1049309090997589
-0.10493281763730812
-0.10493472562601894
-0.1049366330643523
-0.10493853995076907
-0.10494044628373035
-0.10494235206169707
-0.10494425728313013
-0.10494616194649052
-0.10494806605023936
-0.1049499695928374
-0.1049518725727457
-0.10495377498842529
-0.10495567683833693
-0.10495757812094184
-0.10495947883470076
-0.10496137897807488
-0.1049632785495249
-0.10496517754751206
-0.1049670759704971
-0.10496897381694112
-0.10497087108530506
-0.10497276777404982
-0.10497466388163643
-0.10497655940652588
-0.10497845434717909
-0.10498034870205698
-0.10498224246962057
-0.10498413564833092
-0.10498602823664883
-0.10498792023303528
-0.10498981163595134
-0.10499170244385791
-0.10499359265521603
-0.10499548226848648
-0.10499737128213048
-0.10499925969460876
-0.10500114750438246
-0.1050030347099125
-0.10500492130965976
-0.10500680730208528
-0.10500869268564997
-0.1050105774588148
-0.10501246162004092
-0.10501434516778904
-0.1050162281005203
-0.1050181104166955
-0.10501999211477579
-0.10502187319322201
-0.10502375365049513
-0.10502563348505618
-0.10502751269536613
-0.10502939127988589
-0.10503126923707647
-0.10503314656539878
-0.1050350232633138
-0.10503689932928252
-0.1050387747617659
-0.10504064955922492
-0.10504252372012055
-0.10504439724291363
-0.10504627012606528
-0.1050481423680364
-0.10505001396728801
-0.10505188492228099
-0.10505375523147634
-0.10505562489333498
-0.10505749390631804
-0.1050593622688863
-0.10506122997950092
-0.10506309703662262
-0.1050649634387125
-0.10506682918423162
-0.10506869427164064
-0.10507055869940088
-0.1050724224659732
-0.10507428556981831
-0.10507614800939757
-0.10507800978317162
-0.10507987088960162
-0.10508173132714851
-0.10508359109427325
-0.10508545018943671
-0.10508730861110008
-0.10508916635772536
-0.10509102342777454
-0.10509287981970973
-0.10509473553199296
-0.10509659056308646
-0.10509844491145208
-0.1051002985755521
-0.10510215155384868
-0.10510400384480356
-0.10510585544687918
-0.10510770635853744
-0.1051095565782405
-0.10511140610445041
-0.10511325493562922
-0.10511510307023905
-0.105116950506742
-0.10511879724360008
-0.10512064327927555
-0.10512248861223024
-0.10512433324092653
-0.10512617716382622
-0.10512802037939156
-0.10512986288608459
-0.10513170468236743
-0.10513354576670213
-0.10513538613755072
-0.10513722579337544
-0.10513906473263819
-0.1051409029538012
-0.10514274045532648
-0.10514457723567618
-0.10514641329331222
-0.10514824862669685
-0.10515008323429212
-0.10515191711456007
-0.10515375026596288
-0.10515558268696253
-0.10515741437602112
-0.10515924533160076
-0.10516107555216363
-0.10516290503617165
-0.10516473378208688
-0.10516656178837165
-0.1051683890534878
-0.10517021557589754
-0.10517204135406283
-0.10517386638644595
-0.10517569067150884
-0.10517751420771367
-0.10517933699352233
-0.1051811590273972
-0.10518298030780016
-0.10518480083319338
-0.10518662060203882
-0.10518843961279882
-0.10519025786393517
-0.1051920753539101
-0.10519389208118579
-0.10519570804422412
-0.10519752324148725
-0.10519933767143738
-0.10520115133253645
-0.10520296422324661
-0.1052047763420299
-0.10520658768734843
-0.10520839825766437
-0.10521020805143956
-0.10521201706713638
-0.10521382530321681
-0.10521563275814283
-0.10521743943037662
-0.10521924531838019
-0.10522105042061577
-0.10522285473554528
-0.10522465826163094
-0.10522646099733474
-0.10522826294111876
-0.10523006409144517
-0.10523186444677608
-0.10523366400557344
-0.10523546276629939
-0.10523726072741593
-0.1052390578873854
-0.10524085424466963
-0.10524264979773078
-0.10524444454503099
-0.10524623848503224
-0.10524803161619674
-0.1052498239369865
-0.1052516154458636
-0.10525340614129021
-0.10525519602172821
-0.10525698508563991
-0.10525877333148727
-0.10526056075773249
-0.10526234736283752
-0.10526413314526445
-0.10526591810347542
-0.10526770223593258
-0.10526948554109791
-0.10527126801743349
-0.10527304966340141
-0.10527483047746386
-0.10527661045808283
-0.10527838960372038
-0.1052801679128387
-0.10528194538389983
-0.10528372201536577
-0.10528549780569875
-0.10528727275336065
-0.10528904685681373
-0.1052908201145201
-0.10529259252494169
-0.1052943640865407
-0.1052961347977792
-0.10529790465711923
-0.10529967366302291
-0.10530144181395223
-0.10530320910836943
-0.10530497554473654
-0.1053067411215156
-0.10530850583716872
-0.1053102696901579
-0.10531203267894546
-0.10531379480199321
-0.1053155560577634
-0.10531731644471808
-0.10531907596131934
-0.10532083460602926
-0.10532259237730987
-0.10532434927362327
-0.10532610529343167
-0.10532786043519701
-0.10532961469738142
-0.10533136807844702
-0.10533312057685586
-0.10533487219106996
-0.10533662291955156
-0.10533837276076259
-0.10534012171316524
-0.10534186977522152
-0.10534361694539356
-0.10534536322214347
-0.10534710860393323
-0.10534885308922501
-0.10535059667648089
-0.10535233936416295
-0.10535408115073333
-0.10535582203465395
-0.10535756201438705
-0.10535930108839459
-0.10536103925513882
-0.1053627765130817
-0.10536451286068528
-0.10536624829641186
-0.1053679828187232
-0.1053697164260816
-0.10537144911694916
-0.10537318088978787
-0.10537491174305985
-0.1053766416752272
-0.105378370684752
-0.10538009877009624
-0.10538182592972216
-0.10538355216209175
-0.10538527746566713
-0.10538700183891032
-0.10538872528028355
-0.10539044778824876
-0.10539216936126809
-0.10539388999780358
-0.10539560969631741
-0.10539732845527164
-0.10539904627312821
-0.10540076314834941
-0.10540247907939716
-0.10540419406473368
-0.10540590810282101
-0.10540762119212115
-0.10540933333109624
-0.1054110445182084
-0.1054127547519197
-0.10541446403069224
-0.105416172352988
-0.10541787971726921
-0.10541958612199788
-0.10542129156563608
-0.10542299604664598
-0.10542469956348954
-0.10542640211462885
-0.10542810369852616
-0.10542980431364331
-0.10543150395844263
-0.10543320263138603
-0.10543490033093575
-0.1054365970555537
-0.10543829280370204
-0.10543998757384286
-0.10544168136443832
-0.1054433741739504
-0.10544506600084108
-0.10544675684357274
-0.10544844670060727
-0.10545013557040676
-0.10545182345143332
-0.10545351034214906
-0.105455196241016
-0.1054568811464963
-0.10545856505705205
-0.10546024797114519
-0.10546192988723802
-0.1054636108037925
-0.10546529071927065
-0.10546696963213466
-0.10546864754084657
-0.10547032444386854
-0.10547200033966252
-0.10547367522669078
-0.1054753491034152
-0.105477021968298
-0.10547869381980121
-0.1054803646563869
-0.10548203447651722
-0.10548370327865424
-0.10548537106125995
-0.10548703782279654
-0.10548870356172606
-0.10549036827651058
-0.10549203196561224
-0.10549369462749304
-0.10549535626061518
-0.10549701686344057
-0.1054986764344315
-0.10550033497204986
-0.10550199247475792
-0.1055036489410176
-0.10550530436929106
-0.10550695875804048
-0.1055086121057277
-0.10551026441081507
-0.10551191567176445
-0.10551356588703802
-0.10551521505509802
-0.10551686317440627
-0.10551851024342497
-0.10552015626061624
-0.1055218012244421
-0.10552344513336465
-0.10552508798584599
-0.10552672978034827
-0.10552837051533345
-0.10553001018926371
-0.10553164880060106
-0.10553328634780762
-0.10553492282934555
-0.1055365582436768
-0.10553819258926354
-0.10553982586456777
-0.10554145806805171
-0.10554308919817733
-0.10554471925340672
-0.10554634823220206
-0.10554797613302531
-0.10554960295433866
-0.10555122869460425
-0.10555285335228388
-0.1055544769258399
-0.10555609941373428
-0.10555772081442921
-0.10555934112638667
-0.10556096034806876
-0.10556257847793765
-0.10556419551445528
-0.10556581145608382
-0.10556742630128531
-0.10556904004852191
-0.1055706526962557
-0.10557226424294866
-0.10557387468706303
-0.10557548402706075
-0.10557709226140399
-0.1055786993885548
-0.10558030540697527
-0.10558191031512747
-0.10558351411147351
-0.10558511679447552
-0.1055867183625954
-0.10558831881429549
-0.10558991814803767
-0.10559151636228417
-0.10559311345549692
-0.10559470942613818
-0.1055963042726699
-0.10559789799355421
-0.1055994905872532
-0.1056010820522289
-0.10560267238694347
-0.10560426158985907
-0.10560584965943762
-0.10560743659414125
-0.10560902239243206
-0.10561060705277214
-0.10561219057362363
-0.10561377295344847
-0.10561535419070883
-0.10561693428386686
-0.10561851323138459
-0.10562009103172394
-0.1056216676833473
-0.10562324318471657
-0.10562481753429383
-0.10562639073054123
-0.10562796277192088
-0.10562953365689477
-0.10563110338392495
-0.10563267195147368
-0.10563423935800288
-0.10563580560197473
-0.10563737068185128
-0.10563893459609461
-0.10564049734316677
-0.10564205892152996
-0.10564361932964614
-0.10564517856597748
-0.10564673662898605
-0.10564829351713388
-0.1056498492288831
-0.10565140376269569
-0.10565295711703401
-0.1056545092903598
-0.10565606028113532
-0.10565761008782275
-0.10565915870888397
-0.10566070614278124
-0.10566225238797647
-0.10566379744293189
-0.10566534130610963
-0.10566688397597147
-0.10566842545097989
-0.10566996572959672
-0.1056715048102841
-0.10567304269150411
-0.1056745793717189
-0.10567611484939046
-0.10567764912298094
-0.10567918219095236
-0.10568071405176695
-0.10568224470388654
-0.10568377414577351
-0.10568530237588972
-0.10568682939269738
-0.1056883551946585
-0.10568987978023527
-0.10569140314788965
-0.10569292529608373
-0.10569444622327967
-0.10569596592793955
-0.10569748440852544
-0.10569900166349928
-0.10570051769132349
-0.10570203249045979
-0.10570354605937052
-0.10570505839651767
-0.10570656950036324
-0.1057080793693694
-0.1057095880019983
-0.10571109539671196
-0.10571260155197237
-0.10571410646624184
-0.10571561013798221
-0.10571711256565577
-0.10571861374772448
-0.10572011368265043
-0.10572161236889575
-0.10572310980492246
-0.1057246059891928
-0.10572610092016861
-0.10572759459631219
-0.10572908701608542
-0.10573057817795067
-0.10573206808036976
-0.10573355672180491
-0.10573504410071811
-0.10573653021557171
-0.10573801506482737
-0.10573949864694747
-0.10574098096039397
-0.10574246200362904
-0.10574394177511483
-0.10574542027331318
-0.10574689749668632
-0.10574837344369639
-0.1057498481128054
-0.10575132150247546
-0.10575279361116868
-0.10575426443734698
-0.10575573397947265
-0.1057572022360077
-0.10575866920541419
-0.10576013488615424
-0.10576159927668996
-0.10576306237548339
-0.10576452418099652
-0.10576598469169157
-0.10576744390603063
-0.10576890182247578
-0.10577035843948902
-0.10577181375553246
-0.1057732677690682
-0.10577472047855842
-0.10577617188246508
-0.10577762197925022
-0.10577907076737601
-0.10578051824530461
-0.10578196441149802
-0.1057834092644183
-0.10578485280252749
-0.10578629502428787
-0.10578773592816135
-0.10578917551261006
-0.10579061377609611
-0.10579205071708157
-0.10579348633402849
-0.10579492062539904
-0.10579635358965515
-0.10579778522525911
-0.10579921553067284
-0.10580064450435847
-0.10580207214477814
-0.10580349845039377
-0.1058049234196677
-0.10580634705106184
-0.10580776934303832
-0.10580919029405907
-0.10581060990258652
-0.10581202816708252
-0.1058134450860092
-0.10581486065782858
-0.10581627488100281
-0.10581768775399396
-0.1058190992752642
-0.10582050944327549
-0.10582191825648987
-0.1058233257133697
-0.10582473181237671
-0.10582613655197326
-0.10582753993062122
-0.10582894194678283
-0.10583034259892019
-0.1058317418854952
-0.10583313980497015
-0.10583453635580696
-0.10583593153646789
-0.10583732534541489
-0.10583871778111013
-0.10584010884201556
-0.10584149852659341
-0.10584288683330567
-0.10584427376061452
-0.10584565930698195
-0.10584704347087001
-0.10584842625074092
-0.10584980764505668
-0.10585118765227945
-0.1058525662708712
-0.10585394349929413
-0.10585531933601022
-0.10585669377948159
-0.10585806682817034
-0.10585943848053854
-0.10586080873504833
-0.10586217759016173
-0.10586354504434085
-0.10586491109604779
-0.10586627574374448
-0.10586763898589324
-0.10586900082095604
-0.105870361247395
-0.1058717202636722
-0.10587307786824965
-0.1058744340595895
-0.10587578883615387
-0.10587714219640469
-0.1058784941388043
-0.10587984466181448
-0.10588119376389761
-0.10588254144351555
-0.10588388769913051
-0.10588523252920452
-0.10588657593219968
-0.10588791790657813
-0.10588925845080177
-0.10589059756333298
-0.10589193524263348
-0.10589327148716572
-0.1058946062953915
-0.10589593966577308
-0.10589727159677251
-0.10589860208685181
-0.10589993113447312
-0.10590125873809846
-0.10590258489619009
-0.1059039096072098
-0.10590523286961995
-0.1059065546818825
-0.10590787504245953
-0.10590919394981317
-0.10591051140240551
-0.10591182739869848
-0.1059131419371544
-0.10591445501623524
-0.10591576663440308
-0.10591707679011997
-0.10591838548184807
-0.10591969270804948
-0.10592099846718621
-0.10592230275772031
-0.10592360557811398
-0.10592490692682927
-0.10592620680232809
-0.10592750520307283
-0.10592880212752545
-0.10593009757414787
-0.10593139154140246
-0.10593268402775101
-0.10593397503165577
-0.10593526455157892
-0.1059365525859824
-0.10593783913332827
-0.10593912419207867
-0.10594040776069576
-0.10594168983764142
-0.10594297042137794
-0.10594424951036743
-0.10594552710307173
-0.1059468031979531
-0.10594807779347361
-0.1059493508880953
-0.1059506224802803
-0.10595189256849064
-0.10595316115118851
-0.10595442822683583
-0.10595569379389484
-0.10595695785082752
-0.10595822039609597
-0.10595948142816236
-0.10596074094548873
-0.10596199894653711
-0.1059632554297696
-0.10596451039364832
-0.1059657638366354
-0.10596701575719285
-0.1059682661537828
-0.10596951502486726
-0.10597076236890837
-0.10597200818436818
-0.10597325246970878
-0.10597449522339238
-0.10597573644388092
-0.10597697612963641
-0.10597821427912119
-0.10597945089079709
-0.10598068596312642
-0.1059819194945711
-0.10598315148359326
-0.10598438192865497
-0.10598561082821838
-0.10598683818074546
-0.10598806398469846
-0.1059892882385393
-0.10599051094073011
-0.10599173208973302
-0.10599295168401016
-0.1059941697220235
-0.10599538620223513
-0.10599660112310726
-0.10599781448310182
-0.105999026280681
-0.10600023651430684
-0.10600144518244149
-0.10600265228354687
-0.1060038578160852
-0.10600506177851864
-0.10600626416930904
-0.10600746498691858
-0.1060086642298095
-0.10600986189644375
-0.10601105798528337
-0.10601225249479057
-0.10601344542342733
-0.10601463676965579
-0.10601582653193803
-0.10601701470873613
-0.10601820129851207
-0.10601938629972808
-0.10602056971084631
-0.10602175153032854
-0.10602293175663716
-0.10602411038823416
-0.10602528742358149
-0.10602646286114141
-0.10602763669937595
-0.1060288089367472
-0.10602997957171721
-0.10603114860274808
-0.10603231602830193
-0.10603348184684074
-0.10603464605682675
-0.10603580865672194
-0.10603696964498838
-0.10603812902008822
-0.10603928678048351
-0.10604044292463632
-0.10604159745100886
-0.10604275035806301
-0.106043901644261
-0.10604505130806481
-0.10604619934793663
-0.10604734576233844
-0.10604849054973253
-0.10604963370858071
-0.10605077523734521
-0.10605191513448813
-0.10605305339847146
-0.10605419002775746
-0.10605532502080799
-0.10605645837608522
-0.10605759009205133
-0.10605872016716834
-0.10605984859989832
-0.10606097538870334
-0.10606210053204548
-0.10606322402838694
-0.10606434587618961
-0.10606546607391576
-0.10606658462002735
-0.10606770151298657
-0.1060688167512553
-0.10606993033329588
-0.10607104225757033
-0.10607215252254057
-0.10607326112666879
-0.10607436806841723
-0.1060754733462476
-0.1060765769586225
-0.10607767890400359
-0.10607877918085316
-0.10607987778763314
-0.10608097472280575
-0.10608206998483294
-0.10608316357217693
-0.10608425548329986
-0.10608534571666353
-0.10608643427073032
-0.10608752114396221
-0.10608860633482119
-0.10608968984176952
-0.1060907716632691
-0.10609185179778217
-0.10609293024377074
-0.10609400699969693
-0.10609508206402272
-0.10609615543521037
-0.10609722711172188
-0.10609829709201926
-0.10609936537456463
-0.10610043195782015
-0.10610149684024789
-0.1061025600203099
-0.10610362149646813
-0.106104681267185
-0.10610573933092225
-0.10610679568614217
-0.10610785033130678
-0.10610890326487815
-0.10610995448531842
-0.10611100399108961
-0.10611205178065383
-0.10611309785247319
-0.1061141422050097
-0.10611518483672559
-0.10611622574608279
-0.10611726493154346
-0.1061183023915697
-0.10611933812462351
-0.10612037212916701
-0.10612140440366238
-0.10612243494657152
-0.10612346375635671
-0.10612449083147991
-0.10612551617040325
-0.10612653977158884
-0.10612756163349864
-0.10612858175459491
-0.10612960013333961
-0.10613061676819491
-0.10613163165762278
-0.10613264480008541
-0.10613365619404483
-0.10613466583796313
-0.10613567373030243
-0.10613667986952484
-0.10613768425409224
-0.10613868688246703
-0.10613968775311115
-0.10614068686448648
-0.10614168421505546
-0.10614267980327996
-0.10614367362762207
-0.10614466568654395
-0.10614565597850764
-0.10614664450197524
-0.10614763125540891
-0.10614861623727058
-0.10614959944602236
-0.10615058088012647
-0.10615156053804481
-0.10615253841823971
-0.10615351451917299
-0.10615448883930688
-0.1061554613771034
-0.10615643213102467
-0.10615740109953285
-0.1061583682810899
-0.10615933367415797
-0.10616029727719904
-0.10616125908867545
-0.10616221910704897
-0.10616317733078191
-0.10616413375833623
-0.10616508838817414
-0.1061660412187576
-0.1061669922485487
-0.10616794147600958
-0.10616888889960235
-0.10616983451778896
-0.1061707783290317
-0.10617172033179247
-0.10617266052453345
-0.1061735989057167
-0.10617453547380427
-0.10617547022725832
-0.10617640316454087
-0.10617733428411402
-0.10617826358443999
-0.1061791910639805
-0.10618011672119802
-0.10618104055455449
-0.10618196256251201
-0.1061828827435326
-0.10618380109607847
-0.10618471761861151
-0.10618563230959395
-0.10618654516748793
-0.10618745619075527
-0.10618836537785836
-0.10618927272725916
-0.10619017823741969
-0.10619108190680214
-0.10619198373386851
-0.10619288371708098
-0.1061937818549016
-0.10619467814579232
-0.10619557258821545
-0.1061964651806329
-0.10619735592150681
-0.10619824480929933
-0.10619913184247244
-0.10620001701948824
-0.106200900338809
-0.10620178179889651
-0.106202661398213
-0.10620353913522056
-0.10620441500838124
-0.10620528901615721
-0.10620616115701048
-0.10620703142940312
-0.10620789983179725
-0.10620876636265496
-0.1062096310204383
-0.10621049380360938
-0.10621135471063026
-0.10621221373996308
-0.10621307089006986
-0.10621392615941272
-0.10621477954645372
-0.10621563104965501
-0.10621648066747855
-0.10621732839838663
-0.10621817424084108
-0.10621901819330418
-0.10621986025423788
-0.1062207004221044
-0.10622153869536569
-0.10622237507248386
-0.10622320955192115
-0.10622404213213821
-0.10622487281159118
-0.10622570158873466
-0.10622652846202346
-0.10622735342991244
-0.10622817649085604
-0.10622899764330927
-0.1062298168857268
-0.10623063421656329
-0.10623144963427361
-0.10623226313731249
-0.10623307472413453
-0.10623388439319459
-0.10623469214294759
-0.10623549797184788
-0.10623630187835056
-0.10623710386090997
-0.1062379039179813
-0.10623870204801905
-0.10623949824947801
-0.10624029252081296
-0.10624108486047854
-0.1062418752669296
-0.10624266373862086
-0.10624345027400703
-0.10624423487154284
-0.1062450175296831
-0.1062457982468825
-0.1062465770215958
-0.1062473538522777
-0.10624812873738297
-0.10624890167536652
-0.10624967266468273
-0.10625044170378675
-0.10625120879113303
-0.10625197392517641
-0.10625273710437169
-0.10625349832717347
-0.10625425759203667
-0.10625501489741587
-0.10625577024176594
-0.10625652362354157
-0.10625727504119749
-0.1062580244931885
-0.10625877197796924
-0.1062595174939946
-0.10626026103971913
-0.10626100261359774
-0.10626174221408512
-0.10626247983963592
-0.10626321548870504
-0.10626394915974718
-0.10626468085121701
-0.10626541056156943
-0.10626613828925897
-0.10626686403274047
-0.10626758779046867
-0.1062683095608984
-0.1062690293424843
-0.10626974713368112
-0.10627046293294368
-0.10627117673872663
-0.10627188854948479
-0.10627259836367282
-0.1062733061797455
-0.1062740119961576
-0.10627471581136386
-0.10627541762381898
-0.10627611743197775
-0.10627681523429487
-0.10627751102922521
-0.10627820481522324
-0.10627889659074394
-0.10627958635424203
-0.10628027410417219
-0.10628095983898923
-0.10628164355714774
-0.10628232525710264
-0.10628300493730863
-0.10628368259622037
-0.10628435823229275
-0.10628503184398039
-0.10628570342973791
-0.10628637298802032
-0.10628704051728231
-0.10628770601597859
-0.10628836948256383
-0.10628903091549184
-0.1062896903132127
-0.10629034767417561
-0.10629100299682943
-0.10629165627962339
-0.1062923075210066
-0.10629295671942811
-0.10629360387333699
-0.10629424898118238
-0.10629489204141322
-0.10629553305247892
-0.10629617201282826
-0.1062968089209105
-0.10629744377517465
-0.10629807657406995
-0.10629870731604524
-0.10629933599954981
-0.10629996262303265
-0.10630058718494295
-0.10630120968372972
-0.10630183011784203
-0.10630244848572909
-0.10630306478583987
-0.10630367901662356
-0.10630429117652912
-0.10630490126400574
-0.10630550927750253
-0.10630611521546858
-0.1063067190763529
-0.10630732085860464
-0.1063079205606729
-0.1063085181810067
-0.10630911371805521
-0.10630970717026751
-0.1063102985360926
-0.10631088781397972
-0.10631147500237789
-0.10631206009973618
-0.10631264310450378
-0.10631322401512962
-0.10631380283006277
-0.10631437954775262
-0.10631495416664793
-0.10631552668519807
-0.10631609710185187
-0.10631666541505862
-0.1063172316232673
-0.1063177957249271
-0.10631835771848691
-0.1063189176023961
-0.10631947537510351
-0.10632003103505841
-0.10632058458070985
-0.1063211360105068
-0.10632168532289837
-0.1063222325163339
-0.10632277758926237
-0.1063233205401326
-0.10632386136739404
-0.10632440006949564
-0.10632493664488646
-0.10632547109201554
-0.10632600340933214
-0.1063265335952852
-0.10632706164832394
-0.10632758756689732
-0.1063281113494545
-0.10632863299444457
-0.10632915250031662
-0.10632966986551977
-0.10633018508850307
-0.10633069816771559
-0.1063312091016065
-0.1063317178886248
-0.1063322245272197
-0.10633272901584015
-0.10633323135293538
-0.10633373153695436
-0.10633422956634625
-0.10633472543956003
-0.10633521915504504
-0.10633571071125013
-0.1063362001066245
-0.10633668733961722
-0.1063371724086774
-0.10633765531225414
-0.10633813604879641
-0.10633861461675347
-0.10633909101457423
-0.10633956524070806
-0.10634003729360379
-0.10634050717171066
-0.10634097487347768
-0.10634144039735391
-0.10634190374178855
-0.1063423649052306
-0.10634282388612916
-0.10634328068293356
-0.10634373529409241
-0.10634418771805522
-0.10634463795327097
-0.10634508599818866
-0.10634553185125743
-0.10634597551092638
-0.10634641697564468
-0.1063468562438613
-0.10634729331402533
-0.10634772818458593
-0.1063481608539922
-0.10634859132069314
-0.10634901958313793
-0.10634944563977569
-0.1063498694890554
-0.10635029112942633
-0.10635071055933733
-0.10635112777723753
-0.10635154278157595
-0.10635195557079996
-0.10635236614335694
-0.10635277449769426
-0.10635318063225918
-0.10635358454549894
-0.10635398623586091
-0.10635438570179234
-0.10635478294174061
-0.1063551779541529
-0.10635557073747674
-0.10635596129015921
-0.10635634961064766
-0.10635673569738949
-0.10635711954883194
-0.1063575011634223
-0.10635788053960782
-0.10635825767583591
-0.10635863257055386
-0.10635900522220887
-0.1063593756292484
-0.10635974379011963
-0.10636010970326983
-0.10636047336714652
-0.10636083478019677
-0.10636119394086802
-0.10636155084760752
-0.10636190549886256
-0.10636225789308042
-0.10636260802870852
-0.10636295590419403
-0.10636330151798441
-0.10636364486852681
-0.10636398595426863
-0.10636432477365701
-0.1063646613251395
-0.10636499560716325
-0.10636532761817553
-0.10636565735662383
-0.10636598482095522
-0.10636631000961723
-0.10636663292105687
-0.10636695355372179
-0.10636727190605896
-0.10636758797651598
-0.10636790176353998
-0.10636821326557828
-0.10636852248107821
-0.10636882940848706
-0.10636913404625221
-0.10636943639282083
-0.10636973644664029
-0.10637003420615804
-0.10637032966982106
-0.10637062283607686
-0.10637091370337273
-0.10637120227015595
-0.10637148853487388
-0.10637177249597365
-0.10637205415190282
-0.10637233350110852
-0.10637261054203806
-0.10637288527313879
-0.10637315769285803
-0.10637342779964298
-0.10637369559194111
-0.1063739610681995
-0.10637422422686571
-0.10637448506638685
-0.10637474358521036
-0.10637499978178334
-0.10637525365455332
-0.10637550520196755
-0.10637575442247318
-0.10637600131451766
-0.10637624587654824
-0.10637648810701238
-0.10637672800435706
-0.10637696556702991
-0.10637720079347796
-0.1063774336821487
-0.10637766423148937
-0.10637789243994739
-0.10637811830596984
-0.10637834182800415
-0.10637856300449762
-0.1063787818338975
-0.10637899831465121
-0.10637921244520601
-0.10637942422400908
-0.10637963364950787
-0.10637984072014955
-0.10638004543438168
-0.10638024779065122
-0.10638044778740573
-0.10638064542309236
-0.10638084069615845
-0.10638103360505141
-0.1063812241482185
-0.1063814123241069
-0.10638159813116403
-0.10638178156783717
-0.10638196263257357
-0.10638214132382069
-0.10638231764002563
-0.10638249157963581
-0.10638266314109857
-0.1063828323228611
-0.10638299912337074
-0.10638316354107473
-0.10638332557442054
-0.10638348522185537
-0.10638364248182659
-0.10638379735278146
-0.10638394983316722
-0.10638409992143127
-0.10638424761602083
-0.1063843929153832
-0.10638453581796588
-0.1063846763222159
-0.10638481442658074
-0.10638495012950766
-0.10638508342944389
-0.10638521432483684
-0.10638534281413378
-0.10638546889578197
-0.10638559256822874
-0.10638571382992144
-0.10638583267930728
-0.10638594911483366
-0.10638606313494779
-0.10638617473809707
-0.10638628392272874
-0.1063863906872901
-0.10638649503022846
-0.10638659694999122
-0.10638669644502555
-0.10638679351377876
-0.10638688815469825
-0.10638698036623132
-0.10638707014682504
-0.10638715749492704
-0.10638724240898444
-0.10638732488744457
-0.10638740492875472
-0.10638748253136229
-0.1063875576937145
-0.10638763041425864
-0.10638770069144204
-0.10638776852371194
-0.1063878339095158
-0.10638789684730081
-0.10638795733551432
-0.10638801537260345
-0.10638807095701584
-0.10638812408719853
-0.10638817476159891
-0.10638822297866428
-0.10638826873684196
-0.10638831203457912
-0.10638835287032328
-0.10638839124252163
-0.10638842714962152
-0.10638846059007019
-0.10638849156231496
-0.10638852006480312
-0.10638854609598199
-0.10638856965429898
-0.10638859073820119
-0.10638860934613605
-0.10638862547655085
-0.1063886391278929
-0.10638865029860944
-0.10638865898714782
-0.1063886651919554
-0.10638866891147941
-0.10638867014416722
-0.10638866888846595
-0.10638866514282311
-0.10638865890568594
-0.10638865017550173
-0.10638863895071776
-0.10638862522978139
-0.10638860901113989
-0.10638859029324056
-0.1063885690745307
-0.10638854535345767
-0.1063885191284686
-0.10638849039801102
-0.10638845916053209
-0.10638842541447927
-0.1063883891582996
-0.1063883503904406
-0.10638830910934945
-0.10638826531347352
-0.10638821900126029
-0.10638817017115668
-0.10638811882161019
-0.10638806495106813
-0.10638800855797788
-0.10638794964078661
-0.1063878881979417
-0.10638782422789039
-0.10638775772908006
-0.10638768869995781
-0.10638761713897127
-0.10638754304456749
-0.1063874664151939
-0.1063873872492978
-0.10638730554532644
-0.10638722130172713
-0.10638713451694722
-0.10638704518943395
-0.1063869533176346
-0.10638685889999662
-0.10638676193496713
-0.10638666242099351
-0.1063865603565232
-0.10638645574000326
-0.10638634856988113
-0.1063862388446042
-0.10638612656261956
-0.10638601172237458
-0.1063858943223167
-0.10638577436089305
-0.10638565183655113
-0.10638552674773803
-0.10638539909290114
-0.10638526887048781
-0.10638513607894531
-0.10638500071672088
-0.10638486278226193
-0.1063847222740157
-0.1063845791904295
-0.10638443352995065
-0.10638428529102645
-0.1063841344721042
-0.1063839810716312
-0.10638382508805475
-0.10638366651982215
-0.1063835053653806
-0.10638334162317765
-0.10638317529166053
-0.10638300636927636
-0.10638283485447265
-0.1063826607456965
-0.10638248404139533
-0.10638230474001655
-0.10638212284000731
-0.1063819383398149
-0.1063817512378868
-0.10638156153267009
-0.10638136922261225
-0.10638117430616048
-0.10638097678176216
-0.10638077664786443
-0.10638057390291479
-0.1063803685453605
-0.10638016057364885
-0.10637994998622703
-0.10637973678154246
-0.10637952095804244
-0.1063793025141743
-0.10637908144838515
-0.10637885775912256
-0.10637863144483366
-0.10637840250396581
-0.10637817093496632
-0.10637793673628251
-0.10637769990636164
-0.106377460443651
-0.10637721834659797
-0.10637697361364977
-0.10637672624325369
-0.1063764762338572
-0.10637622358390739
-0.10637596829185167
-0.10637571035613737
-0.10637544977521173
-0.10637518654752208
-0.10637492067151569
-0.10637465214563996
-0.10637438096834209
-0.10637410713806941
-0.10637383065326925
-0.10637355151238889
-0.10637326971387562
-0.10637298525617689
-0.10637269813773967
-0.1063724083570116
-0.10637211591243981
-0.10637182080247169
-0.10637152302555457
-0.10637122258013555
-0.1063709194646621
-0.1063706136775815
-0.106370305217341
-0.10636999408238804
-0.10636968027116976
-0.10636936378213356
-0.10636904461372673
-0.10636872276439654
-0.10636839823259037
-0.10636807101675538
-0.10636774111533898
-0.10636740852678848
-0.10636707324955119
-0.10636673528207431
-0.10636639462280513
-0.10636605127019129
-0.10636570522267964
-0.10636535647871777
-0.10636500503675278
-0.1063646508952322
-0.10636429405260317
-0.1063639345073131
-0.1063635722578092
-0.10636320730253883
-0.10636283963994927
-0.10636246926848786
-0.10636209618660185
-0.10636172039273857
-0.10636134188534525
-0.10636096066286932
-0.10636057672375801
-0.10636019006645865
-0.1063598006894185
-0.10635940859108492
-0.10635901376990523
-0.10635861622432666
-0.10635821595279661
-0.10635781295376219
-0.10635740722567091
-0.10635699876696994
-0.10635658757610679
-0.10635617365152847
-0.10635575699168241
-0.10635533759501595
-0.10635491545997643
-0.10635449058501097
-0.10635406296856718
-0.10635363260909209
-0.10635319950503307
-0.10635276365483748
-0.10635232505695263
-0.10635188370982564
-0.10635143961190412
-0.10635099276163495
-0.10635054315746442
-0.10635009079783876
-0.1063496356812039
-0.106349177806006
-0.10634871717069115
-0.10634825377370542
-0.10634778761349481
-0.1063473186885056
-0.1063468469971837
-0.10634637253797526
-0.10634589530932635
-0.10634541530968303
-0.10634493253749144
-0.1063444469911976
-0.10634395866924772
-0.10634346757008763
-0.10634297369216372
-0.1063424770339219
-0.1063419775938083
-0.10634147537026897
-0.10634097036174998
-0.10634046256669752
-0.10633995198355756
-0.10633943861077619
-0.1063389224467996
-0.10633840349007373
-0.10633788173904474
-0.1063373571921588
-0.1063368298478618
-0.10633629970460004
-0.1063357667608193
-0.106335231014966
-0.1063346924654861
-0.10633415111082567
-0.10633360694943073
-0.10633305997974736
-0.10633251020022189
-0.1063319576093001
-0.10633140220542818
-0.10633084398705227
-0.10633028295261841
-0.10632971910057265
-0.10632915242936108
-0.10632858293742989
-0.1063280106232251
-0.10632743548519273
-0.10632685752177892
-0.10632627673142972
-0.10632569311259131
-0.1063251066637096
-0.1063245173832309
-0.10632392526960117
-0.10632333032126647
-0.10632273253667288
-0.10632213191426651
-0.10632152845249349
-0.1063209221497999
-0.10632031300463174
-0.10631970101543507
-0.10631908618065612
-0.10631846849874096
-0.10631784796813548
-0.10631722458728596
-0.10631659835463841
-0.1063159692686389
-0.10631533732773364
-0.10631470253036857
-0.1063140648749898
-0.10631342436004347
-0.10631278098397554
-0.10631213474523228
-0.10631148564225959
-0.10631083367350365
-0.10631017883741053
-0.10630952113242634
-0.10630886055699718
-0.106308197109569
-0.10630753078858803
-0.10630686159250025
-0.10630618951975182
-0.10630551456878885
-0.10630483673805731
-0.10630415602600336
-0.10630347243107306
-0.10630278595171253
-0.10630209658636783
-0.10630140433348502
-0.10630070919151019
-0.1063000111588895
-0.10629931023406891
-0.10629860641549457
-0.10629789970161257
-0.10629719009086902
-0.10629647758170988
-0.10629576217258145
-0.10629504386193929
-0.106294322648278
-0.10629359853010181
-0.10629287150591492
-0.10629214157422158
-0.10629140873352587
-0.10629067298233205
-0.10628993431914442
-0.10628919274246713
-0.10628844825080425
-0.10628770084266018
-0.10628695051653902
-0.1062861972709451
-0.10628544110438243
-0.10628468201535544
-0.10628392000236817
-0.10628315506392486
-0.10628238719852968
-0.10628161640468707
-0.10628084268090097
-0.10628006602567566
-0.10627928643751548
-0.10627850391492438
-0.10627771845640675
-0.10627693006046686
-0.1062761387256087
-0.10627534445033668
-0.10627454723315492
-0.10627374707256752
-0.10627294396707894
-0.10627213791519317
-0.1062713289154145
-0.10627051696624712
-0.10626970206619529
-0.10626888421376318
-0.10626806340745494
-0.10626723964577489
-0.10626641292722705
-0.10626558325031583
-0.10626475061354541
-0.10626391501541993
-0.10626307645444362
-0.10626223492912057
-0.1062613904379552
-0.10626054297945163
-0.10625969255211401
-0.10625883915444664
-0.10625798278495363
-0.10625712344213925
-0.10625626112450771
-0.10625539583056313
-0.10625452755880989
-0.10625365630775208
-0.10625278207589389
-0.10625190486173956
-0.10625102466379335
-0.10625014148055932
-0.10624925531054179
-0.10624836615224495
-0.10624747400417311
-0.1062465788648303
-0.10624568073272084
-0.10624477960634882
-0.10624387548421863
-0.10624296836483423
-0.10624205824670005
-0.10624114512832024
-0.106240229008199
-0.10623930988484045
-0.10623838775674894
-0.10623746262242853
-0.10623653448038355
-0.10623560332911815
-0.1062346691671366
-0.10623373199294302
-0.10623279180504164
-0.10623184860193666
-0.10623090238213233
-0.1062299531441328
-0.10622900088644237
-0.10622804560756519
-0.10622708730600545
-0.10622612598026737
-0.10622516162885519
-0.10622419425027306
-0.10622322384302524
-0.1062222504056159
-0.10622127393654922
-0.10622029443432952
-0.10621931189746088
-0.10621832632444764
-0.10621733771379387
-0.10621634606400376
-0.10621535137358169
-0.1062143536410318
-0.10621335286485821
-0.1062123490435652
-0.10621134217565699
-0.10621033225963776
-0.10620931929401162
-0.10620830327728299
-0.10620728420795592
-0.10620626208453467
-0.1062052369055234
-0.10620420866942637
-0.10620317737474701
-0.1062021430199848
-0.10620110560363881
-0.1062000651242079
-0.10619902158019084
-0.10619797497008664
-0.1061969252923942
-0.10619587254561214
-0.10619481672823966
-0.10619375783877542
-0.10619269587571835
-0.10619163083756732
-0.10619056272282118
-0.10618949152997882
-0.1061884172575392
-0.10618733990400116
-0.10618625946786338
-0.10618517594762496
-0.10618408934178473
-0.10618299964884155
-0.10618190686729422
-0.10618081099564171
-0.10617971203238283
-0.10617860997601644
-0.10617750482504161
-0.10617639657795695
-0.1061752852332615
-0.10617417078945404
-0.10617305324503352
-0.10617193259849869
-0.10617080884834852
-0.10616968199308198
-0.1061685520311978
-0.10616741896119485
-0.10616628278157202
-0.10616514349082821
-0.10616400108746243
-0.10616285556997328
-0.10616170693685982
-0.10616055518662083
-0.1061594003177553
-0.10615824232876196
-0.10615708121813985
-0.10615591698438771
-0.10615474962600445
-0.10615357914148894
-0.10615240552934004
-0.10615122878805669
-0.10615004891613773
-0.10614886591208196
-0.10614767977438831
-0.10614649050155574
-0.10614529809208302
-0.10614410254446903
-0.10614290385721271
-0.10614170202881283
-0.10614049705776842
-0.1061392889425781
-0.10613807768174104
-0.10613686327375595
-0.10613564571712161
-0.10613442501033717
-0.10613320115190125
-0.10613197414031285
-0.1061307439740708
-0.106129510651674
-0.10612827417162125
-0.10612703453241151
-0.10612579173254377
-0.10612454577051658
-0.10612329664482911
-0.10612204435398008
-0.10612078889646832
-0.10611953027079299
-0.1061182684754526
-0.10611700350894623
-0.10611573536977277
-0.10611446405643098
-0.10611318956741976
-0.10611191190123803
-0.10611063105638464
-0.10610934703135855
-0.10610805982465846
-0.10610676943478338
-0.10610547586023208
-0.10610417909950351
-0.10610287915109717
-0.10610157601351428
-0.1061002696852571
-0.10609896016482749
-0.10609764745072757
-0.1060963315414593
-0.10609501243552456
-0.10609369013142557
-0.10609236462766426
-0.10609103592274255
-0.10608970401516266
-0.1060883689034264
-0.10608703058603589
-0.10608568906149313
-0.1060843443283
-0.10608299638495867
-0.10608164522997111
-0.1060802908618393
-0.1060789332790653
-0.10607757248015107
-0.10607620846359865
-0.10607484122791001
-0.10607347077158713
-0.1060720970931322
-0.10607072019104712
-0.10606934006383377
-0.10606795670999433
-0.10606657012803083
-0.10606518031644512
-0.10606378727373936
-0.10606239099841547
-0.1060609914889755
-0.1060595887439214
-0.10605818276175527
-0.10605677354097913
-0.10605536108009488
-0.10605394537760468
-0.10605252643201041
-0.10605110424181417
-0.10604967880551787
-0.10604825012162356
-0.10604681818863328
-0.10604538300504905
-0.10604394456937287
-0.10604250288010675
-0.10604105793575268
-0.10603960973481254
-0.10603815827578865
-0.10603670355718282
-0.10603524557749701
-0.10603378433523343
-0.10603231982889384
-0.10603085205698047
-0.1060293810179952
-0.10602790671044013
-0.10602642913281714
-0.10602494828362845
-0.10602346416137591
-0.10602197676456149
-0.10602048609168734
-0.10601899214125539
-0.10601749491176757
-0.10601599440172614
-0.10601449060963285
-0.10601298353398991
-0.10601147317329912
-0.1060099595260627
-0.10600844259078257
-0.10600692236596064
-0.1060053988500991
-0.10600387204169985
-0.10600234193926493
-0.10600080854129636
-0.10599927184629618
-0.10599773185276636
-0.10599618855920886
-0.10599464196412571
-0.10599309206601906
-0.10599153886339079
-0.10598998235474284
-0.10598842253857735
-0.1059868594133963
-0.10598529297770178
-0.10598372322999561
-0.10598215016877996
-0.10598057379255674
-0.10597899409982797
-0.1059774110890958
-0.10597582475886216
-0.10597423510762902
-0.10597264213389829
-0.10597104583617216
-0.1059694462129526
-0.10596784326274153
-0.1059662369840411
-0.10596462737535324
-0.10596301443518
-0.10596139816202335
-0.10595977855438532
-0.10595815561076781
-0.10595652932967299
-0.10595489970960287
-0.10595326674905932
-0.10595163044654447
-0.10594999080056032
-0.10594834780960885
-0.10594670147219203
-0.1059450517868119
-0.10594339875197058
-0.10594174236616992
-0.10594008262791198
-0.10593841953569882
-0.10593675308803245
-0.10593508328341482
-0.10593341012034789
-0.1059317335973339
-0.1059300537128746
-0.1059283704654721
-0.10592668385362844
-0.10592499387584571
-0.10592330053062567
-0.1059216038164705
-0.10591990373188227
-0.10591820027536294
-0.1059164934454144
-0.10591478324053881
-0.10591306965923801
-0.10591135270001424
-0.10590963236136937
-0.10590790864180542
-0.10590618153982444
-0.1059044510539284
-0.10590271718261934
-0.10590097992439924
-0.10589923927777009
-0.10589749524123403
-0.10589574781329289
-0.10589399699244882
-0.10589224277720373
-0.10589048516605973
-0.1058887241575187
-0.10588695975008285
-0.10588519194225396
-0.10588342073253422
-0.10588164611942548
-0.10587986810142996
-0.10587808667704945
-0.10587630184478616
-0.10587451360314191
-0.10587272195061886
-0.10587092688571895
-0.10586912840694421
-0.10586732651279661
-0.10586552120177821
-0.10586371247239114
-0.10586190032313711
-0.10586008475251825
-0.10585826575903677
-0.10585644334119439
-0.10585461749749338
-0.1058527882264356
-0.10585095552652297
-0.10584911939625775
-0.10584727983414173
-0.10584543683867714
-0.10584359040836576
-0.10584174054170975
-0.10583988723721104
-0.10583803049337169
-0.1058361703086936
-0.10583430668167894
-0.10583243961082965
-0.10583056909464775
-0.1058286951316359
-0.10582681772029925
-0.10582493685914368
-0.10582305254667494
-0.1058211647813989
-0.10581927356182148
-0.10581737888644835
-0.10581548075378547
-0.10581357916233862
-0.10581167411061365
-0.1058097655971163
-0.10580785362035247
-0.10580593817882804
-0.10580401927104878
-0.10580209689552052
-0.1058001710507491
-0.10579824173524038
-0.10579630894750017
-0.1057943726860342
-0.10579243294934844
-0.10579048973594864
-0.10578854304434077
-0.10578659287303033
-0.10578463922052349
-0.10578268208532597
-0.10578072146594357
-0.1057787573608822
-0.1057767897686475
-0.1057748186877454
-0.10577284411668188
-0.10577086605396269
-0.10576888449809345
-0.10576689944758019
-0.1057649109009287
-0.10576291885664493
-0.1057609233132345
-0.10575892426920332
-0.10575692172305724
-0.1057549156733021
-0.10575290611844372
-0.10575089305698791
-0.10574887648744051
-0.10574685640830729
-0.10574483281809426
-0.10574280571530702
-0.10574077509845149
-0.10573874096603361
-0.1057367033165593
-0.10573466214853543
-0.1057326174604691
-0.10573056925086723
-0.10572851751823703
-0.10572646226108548
-0.10572440347791966
-0.10572234116724663
-0.1057202753275734
-0.10571820595740704
-0.10571613305525467
-0.10571405661962327
-0.1057119766490199
-0.10570989314195173
-0.10570780609692566
-0.10570571551244881
-0.10570362138702827
-0.105701523719171
-0.10569942250738411
-0.10569731775017478
-0.10569520944604986
-0.10569309759351646
-0.10569098219108178
-0.10568886323725264
-0.10568674073053629
-0.10568461466943974
-0.10568248505246994
-0.10568035187813409
-0.10567821514493922
-0.10567607485139226
-0.10567393099600043
-0.1056717835772706
-0.10566963259371003
-0.10566747804382562
-0.10566531992612448
-0.10566315823911378
-0.10566099298130036
-0.1056588241511914
-0.10565665174729394
-0.10565447576811514
-0.1056522962121618
-0.10565011307794119
-0.1056479263639602
-0.10564573606872611
-0.10564354219074586
-0.10564134472852639
-0.1056391436805749
-0.1056369390453984
-0.10563473082150406
-0.10563251900739867
-0.1056303036015895
-0.10562808460258366
-0.10562586200888797
-0.1056236358190096
-0.1056214060314556
-0.10561917264473313
-0.10561693565734911
-0.10561469506781064
-0.10561245087462479
-0.10561020307629858
-0.10560795167133916
-0.10560569665825342
-0.10560343803554866
-0.10560117580173164
-0.10559890995530954
-0.10559664049478942
-0.10559436741867852
-0.10559209072548358
-0.10558981041371183
-0.10558752648187034
-0.10558523892846608
-0.10558294775200625
-0.10558065295099775
-0.1055783545239476
-0.10557605246936302
-0.10557374678575103
-0.10557143747161857
-0.10556912452547279
-0.10556680794582073
-0.10556448773116955
-0.10556216388002602
-0.10555983639089751
-0.10555750526229081
-0.10555517049271324
-0.10555283208067155
-0.10555049002467312
-0.10554814432322475
-0.10554579497483373
-0.10554344197800689
-0.10554108533125132
-0.10553872503307425
-0.10553636108198253
-0.10553399347648335
-0.10553162221508376
-0.1055292472962908
-0.10552686871861137
-0.10552448648055268
-0.10552210058062186
-0.10551971101732581
-0.10551731778917155
-0.10551492089466637
-0.10551252033231719
-0.10551011610063099
-0.10550770819811486
-0.10550529662327589
-0.10550288137462126
-0.10550046245065785
-0.10549803984989271
-0.10549561357083301
-0.10549318361198573
-0.10549074997185794
-0.1054883126489567
-0.10548587164178908
-0.10548342694886204
-0.1054809785686828
-0.1054785264997583
-0.10547607074059566
-0.10547361128970187
-0.10547114814558398
-0.10546868130674915
-0.10546621077170432
-0.10546373653895659
-0.10546125860701311
-0.10545877697438079
-0.10545629163956671
-0.10545380260107796
-0.10545130985742164
-0.1054488134071047
-0.1054463132486343
-0.10544380938051744
-0.10544130180126113
-0.10543879050937255
-0.10543627550335868
-0.10543375678172655
-0.10543123434298321
-0.10542870818563584
-0.10542617830819132
-0.1054236447091568
-0.10542110738703939
-0.10541856634034603
-0.10541602156758391
-0.10541347306725996
-0.1054109208378812
-0.10540836487795487
-0.10540580518598787
-0.10540324176048729
-0.10540067459996025
-0.10539810370291373
-0.10539552906785479
-0.10539295069329054
-0.10539036857772803
-0.10538778271967424
-0.10538519311763622
-0.10538259977012122
-0.1053800026756361
-0.105377401832688
-0.10537479723978385
-0.10537218889543089
-0.10536957679813604
-0.10536696094640641
-0.10536434133874904
-0.10536171797367104
-0.10535909084967932
-0.10535645996528116
-0.10535382531898346
-0.10535118690929329
-0.10534854473471772
-0.10534589879376376
-0.10534324908493854
-0.10534059560674917
-0.10533793835770255
-0.10533527733630584
-0.10533261254106599
-0.10532994397049018
-0.10532727162308538
-0.1053245954973588
-0.10532191559181721
-0.105319231904968
-0.10531654443531797
-0.10531385318137425
-0.10531115814164396
-0.10530845931463408
-0.10530575669885164
-0.10530305029280376
-0.10530034009499749
-0.10529762610393993
-0.10529490831813806
-0.1052921867360989
-0.10528946135632967
-0.10528673217733724
-0.10528399919762876
-0.10528126241571122
-0.10527852183009176
-0.1052757774392775
-0.1052730292417753
-0.10527027723609234
-0.10526752142073559
-0.10526476179421222
-0.10526199835502914
-0.10525923110169357
-0.10525646003271254
-0.10525368514659299
-0.10525090644184203
-0.1052481239169667
-0.10524533757047415
-0.10524254740087133
-0.10523975340666535
-0.10523695558636319
-0.10523415393847203
-0.10523134846149886
-0.10522853915395074
-0.10522572601433469
-0.10522290904115773
-0.1052200882329271
-0.1052172635881497
-0.10521443510533256
-0.10521160278298286
-0.10520876661960754
-0.10520592661371377
-0.10520308276380849
-0.10520023506839883
-0.10519738352599178
-0.10519452813509451
-0.10519166889421402
-0.10518880580185731
-0.10518593885653148
-0.10518306805674359
-0.10518019340100068
-0.1051773148878098
-0.10517443251567804
-0.1051715462831124
-0.10516865618862002
-0.1051657622307079
-0.10516286440788304
-0.10515996271865259
-0.10515705716152363
-0.10515414773500312
-0.1051512344375981
-0.10514831726781582
-0.105145396224163
-0.10514247130514695
-0.10513954250927474
-0.10513660983505324
-0.10513367328098974
-0.10513073284559109
-0.10512778852736443
-0.10512484032481688
-0.10512188823645532
-0.10511893226078706
-0.10511597239631858
-0.1051130086415554
-0.10511004099500264
-0.10510706945516538
-0.10510409402054878
-0.10510111468965797
-0.10509813146099779
-0.10509514433307376
-0.10509215330439066
-0.10508915837345364
-0.10508615953876788
-0.10508315679883855
-0.10508015015217063
-0.10507713959726918
-0.10507412513263933
-0.10507110675678633
-0.10506808446821517
-0.10506505826543094
-0.1050620281469388
-0.10505899411124375
-0.105055956156851
-0.10505291428226567
-0.1050498684859927
-0.10504681876653742
-0.1050437651224047
-0.10504070755209986
-0.10503764605412778
-0.10503458062699375
-0.10503151126920272
-0.10502843797925995
-0.10502536075567047
-0.10502227959693937
-0.10501919450157185
-0.10501610546807139
-0.10501301249493618
-0.1050099155806628
-0.10500681472374786
-0.10500370992268795
-0.1050006011759798
-0.1049974884821199
-0.10499437183960496
-0.1049912512469315
-0.10498812670259629
-0.1049849982050958
-0.1049818657529267
-0.10497872934458559
-0.10497558897856875
-0.10497244465337048
-0.10496929636748498
-0.10496614411940633
-0.10496298790762844
-0.10495982773064517
-0.10495666358694934
-0.1049534954750333
-0.10495032339338971
-0.10494714734051083
-0.1049439673148894
-0.10494078331501784
-0.10493759533938861
-0.1049344033864943
-0.10493120745482722
-0.10492800754288009
-0.10492480364914522
-0.1049215957721153
-0.10491838391028258
-0.10491516806213967
-0.10491194822617916
-0.1049087244008935
-0.10490549658477512
-0.10490226477631655
-0.10489902897401027
-0.1048957891763488
-0.10489254538182458
-0.10488929758893029
-0.10488604579615826
-0.10488279000200103
-0.10487953020495104
-0.1048762664035009
-0.10487299859614291
-0.10486972678136977
-0.10486645095767384
-0.10486317112354777
-0.10485988727748367
-0.10485659941797233
-0.1048533075435043
-0.10485001165257019
-0.1048467117436604
-0.10484340781526552
-0.10484009986587624
-0.10483678789398292
-0.10483347189807608
-0.10483015187664639
-0.10482682782818424
-0.10482349975118026
-0.10482016764412493
-0.10481683150550943
-0.10481349133382718
-0.10481014712757243
-0.1048067988852392
-0.10480344660532157
-0.10480009028631378
-0.10479672992670983
-0.10479336552500386
-0.10478999707968993
-0.10478662458926231
-0.10478324805221496
-0.10477986746704215
-0.10477648283223773
-0.10477309414629599
-0.10476970140771102
-0.10476630461497698
-0.10476290376658785
-0.1047594988610379
-0.10475608989682138
-0.1047526768724333
-0.10474925978636895
-0.10474583863712367
-0.1047424134231928
-0.10473898414307145
-0.10473555079525508
-0.10473211337823876
-0.10472867189051803
-0.10472522633058805
-0.104721776696944
-0.10471832298808131
-0.1047148652024948
-0.10471140333867769
-0.10470793739512287
-0.10470446737032314
-0.10470099326277145
-0.10469751507096052
-0.10469403279338338
-0.10469054642853269
-0.10468705597490154
-0.10468356143098238
-0.104680062795268
-0.10467656006625083
-0.10467305324242335
-0.10466954232227796
-0.10466602730430727
-0.10466250818700369
-0.10465898496885957
-0.10465545764836753
-0.10465192622402118
-0.10464839069431907
-0.10464485105776096
-0.10464130731284661
-0.1046377594580757
-0.10463420749194834
-0.1046306514129651
-0.10462709121962738
-0.10462352691043635
-0.10461995848389302
-0.10461638593849838
-0.10461280927275388
-0.10460922848516041
-0.10460564357421902
-0.10460205453843109
-0.10459846137629758
-0.10459486408631964
-0.10459126266699843
-0.10458765711683501
-0.10458404743433057
-0.10458043361798622
-0.10457681566630303
-0.10457319357778226
-0.10456956735092482
-0.104565936984232
-0.10456230247620497
-0.10455866382534464
-0.10455502103015234
-0.10455137408912903
-0.10454772300077593
-0.10454406776359426
-0.10454040837608496
-0.10453674483674928
-0.10453307714408824
-0.104529405296603
-0.10452572929279473
-0.1045220491311646
-0.1045183648102136
-0.10451467632844298
-0.1045109836843537
-0.10450728687645162
-0.10450358590326093
-0.10449988076331045
-0.1044961714551324
-0.10449245797727277
-0.10448874032828098
-0.10448501850670619
-0.1044812925110981
-0.1044775623400058
-0.10447382799197895
-0.10447008946556662
-0.10446634675931846
-0.10446259987178359
-0.10445884880151171
-0.10445509354705197
-0.10445133410695374
-0.10444757047976647
-0.1044438026640396
-0.10444003065832243
-0.10443625446116431
-0.1044324740711148
-0.10442868948672303
-0.1044249007065385
-0.10442110772911062
-0.10441731055298879
-0.1044135091767223
-0.10440970359886047
-0.10440589381795297
-0.1044020798325488
-0.10439826164119761
-0.10439443924244875
-0.10439061263485147
-0.10438678181695524
-0.10438294678735227
-0.10437910754480582
-0.10437526408812206
-0.10437141641610735
-0.10436756452756751
-0.10436370842130896
-0.1043598480961376
-0.10435598355085986
-0.10435211478428172
-0.10434824179520934
-0.104344364582449
-0.10434048314480668
-0.1043365974810886
-0.10433270759010088
-0.10432881347064984
-0.10432491512154146
-0.1043210125415819
-0.10431710572957732
-0.10431319468433393
-0.10430927940465792
-0.1043053598893692
-0.10430143613734313
-0.10429750814746871
-0.10429357591863526
-0.10428963944973228
-0.104285698739651
-0.1042817537872828
-0.10427780459151974
-0.10427385115125323
-0.10426989346537484
-0.10426593153277622
-0.10426196535234904
-0.10425799492298488
-0.10425402024357538
-0.10425004131301216
-0.10424605813018681
-0.10424207069399104
-0.1042380790033164
-0.10423408305705446
-0.10423008285411019
-0.1042260783934412
-0.1042220696740182
-0.10421805669481223
-0.10421403945479407
-0.10421001795293455
-0.10420599218820457
-0.10420196215957502
-0.10419792786601663
-0.10419388930650032
-0.104189846479997
-0.10418579938547744
-0.10418174802191256
-0.10417769238827315
-0.10417363248353016
-0.1041695683066543
-0.10416549985661655
-0.10416142713238774
-0.10415735013293867
-0.1041532688572404
-0.10414918330426337
-0.10414509347297884
-0.10414099936235745
-0.10413690097137016
-0.10413279829898812
-0.10412869134418401
-0.10412458010593094
-0.10412046458320325
-0.10411634477498138
-0.1041122206802469
-0.10410809229798164
-0.10410395962716816
-0.10409982266678904
-0.10409568141582663
-0.10409153587326371
-0.10408738603808285
-0.10408323190928914
-0.1040790734859788
-0.10407491076727052
-0.10407074375228303
-0.10406657244013517
-0.10406239682994554
-0.10405821692083295
-0.10405403271191616
-0.10404984420231385
-0.10404565139114492
-0.10404145427752795
-0.1040372528605818
-0.10403304713942511
-0.10402883711317683
-0.10402462278095544
-0.10402040414187985
-0.10401618119506874
-0.10401195393964088
-0.1040077223747151
-0.10400348649942505
-0.1039992463129652
-0.10399500181454491
-0.10399075300337353
-0.10398649987866063
-0.10398224243961535
-0.1039779806854474
-0.10397371461536592
-0.10396944422858051
-0.10396516952429584
-0.10396089050169836
-0.10395660715997058
-0.10395231949829722
-0.10394802751586361
-0.10394373121185516
-0.10393943058545715
-0.10393512563585507
-0.10393081636223415
-0.10392650276377985
-0.10392218483967743
-0.10391786258911243
-0.10391353601127008
-0.10390920510533569
-0.10390486987049471
-0.10390053030593256
-0.10389618641083447
-0.10389183818438595
-0.1038874856257722
-0.10388312873417868
-0.10387876750879083
-0.10387440194879377
-0.10387003205337302
-0.10386565782171399
-0.10386127925300197
-0.10385689634642234
-0.10385250910116049
-0.10384811751640172
-0.10384372159133146
-0.10383932132513492
-0.10383491671699768
-0.10383050776610503
-0.1038260944716422
-0.10382167683279474
-0.10381725484874785
-0.10381282851868708
-0.10380839784179761
-0.10380396281726488
-0.10379952344427434
-0.10379507972201117
-0.10379063164966086
-0.10378617922640876
-0.10378172245144013
-0.10377726132394048
-0.1037727958431354
-0.10376832600840873
-0.10376385181917194
-0.10375937327483364
-0.10375489037480198
-0.10375040311848405
-0.10374591150528059
-0.10374141553459106
-0.10373691520581468
-0.10373241051835069
-0.10372790147160038
-0.10372338806497054
-0.10371887029786998
-0.10371434816970668
-0.10370982167988574
-0.10370529082781119
-0.10370075561288752
-0.10369621603451883
-0.10369167209210943
-0.10368712378506352
-0.10368257111278552
-0.10367801407467957
-0.10367345267014991
-0.10366888689860077
-0.1036643167594367
-0.10365974225206258
-0.10365516337588358
-0.10365058013030476
-0.10364599251473156
-0.10364140052856884
-0.10363680417122181
-0.10363220344209563
-0.10362759834059554
-0.10362298886612661
-0.10361837501809396
-0.10361375679590286
-0.10360913419895824
-0.10360450722666699
-0.1035998758784413
-0.10359524015369521
-0.1035906000518427
-0.10358595557229748
-0.1035813067144736
-0.10357665347778461
-0.10357199586164292
-0.1035673338654606
-0.10356266748864944
-0.1035579967306202
-0.1035533215907834
-0.10354864206854947
-0.10354395816332895
-0.10353926987453234
-0.10353457720157012
-0.10352988014385273
-0.10352517870079078
-0.10352047287179472
-0.1035157626562752
-0.10351104805364382
-0.10350632906331235
-0.1035016056846955
-0.10349687791721944
-0.10349214576031349
-0.10348740921340674
-0.1034826682759284
-0.10347792294730768
-0.10347317322697366
-0.10346841911435566
-0.1034636606088828
-0.10345889770998423
-0.10345413041708919
-0.10344935872962684
-0.10344458264702626
-0.10343980216871748
-0.10343501729413261
-0.10343022802270486
-0.10342543435386696
-0.10342063628705273
-0.10341583382169753
-0.10341102695723776
-0.10340621569310969
-0.10340140002874973
-0.10339657996359598
-0.10339175549708647
-0.10338692662865966
-0.10338209335775381
-0.10337725568380712
-0.1033724136062579
-0.1033675671245444
-0.10336271623810486
-0.10335786094637751
-0.10335300124880074
-0.10334813714481281
-0.10334326863385186
-0.10333839571535637
-0.10333351838876438
-0.10332863665351424
-0.10332375050904419
-0.1033188599547926
-0.10331396499019761
-0.10330906561469766
-0.10330416182775619
-0.10329925362893859
-0.10329434101783537
-0.10328942399403634
-0.10328450255712868
-0.10327957670669861
-0.10327464644233379
-0.10326971176362784
-0.10326477267017577
-0.10325982916157254
-0.10325488123741326
-0.10324992889729276
-0.10324497214080622
-0.10324001096754919
-0.10323504537711929
-0.10323007536911465
-0.10322510094313027
-0.1032201220987577
-0.10321513883558775
-0.10321015115321111
-0.10320515905121867
-0.10320016252920106
-0.10319516158674909
-0.10319015622345332
-0.10318514643891284
-0.10318013223276028
-0.10317511360463703
-0.10317009055418735
-0.10316506308105701
-0.10316003118489221
-0.10315499486533924
-0.10314995412204431
-0.10314490895465346
-0.10313985936281318
-0.10313480534616938
-0.10312974690436613
-0.10312468403703808
-0.1031196167438174
-0.1031145450243366
-0.10310946887822789
-0.10310438830512357
-0.10309930330465601
-0.10309421387645748
-0.1030891200201603
-0.1030840217353969
-0.10307891902179947
-0.10307381187900043
-0.1030687003066324
-0.10306358430433006
-0.10305846387172848
-0.10305333900846247
-0.10304820971416721
-0.10304307598847766
-0.10303793783102876
-0.10303279524145564
-0.10302764821939325
-0.10302249676447686
-0.10301734087634162
-0.10301218055462286
-0.10300701579895538
-0.10300184660897349
-0.10299667298431081
-0.10299149492459884
-0.10298631242945858
-0.10298112549850852
-0.10297593413136717
-0.10297073832765301
-0.10296553808698455
-0.1029603334089807
-0.1029551242932617
-0.10294991073944831
-0.10294469274716112
-0.10293947031602046
-0.10293424344564435
-0.10292901213565057
-0.10292377638565677
-0.10291853619533611
-0.10291329156458294
-0.10290804249334719
-0.10290278898157862
-0.1028975310292268
-0.10289226863624097
-0.10288700180256985
-0.10288173052815917
-0.10287645481295468
-0.10287117465690254
-0.10286589005994884
-0.10286060102203988
-0.10285530754312311
-0.10285000962315058
-0.1028447072620751
-0.10283940045984974
-0.10283408921642738
-0.10282877353176105
-0.10282345340580369
-0.10281812883850831
-0.10281279982982787
-0.10280746637971529
-0.10280212848812352
-0.10279678615500563
-0.1027914393803145
-0.10278608816400317
-0.10278073250602453
-0.10277537240633164
-0.10277000786487742
-0.10276463888161474
-0.10275926545649666
-0.1027538875894768
-0.10274850528051065
-0.1027431185295545
-0.10273772733656462
-0.10273233170149715
-0.10272693162430666
-0.1027215271049411
-0.10271611814334644
-0.10271070473946911
-0.10270528689325517
-0.10269986460465076
-0.10269443787360126
-0.10268900670004788
-0.10268357108393093
-0.10267813102519088
-0.10267268652376789
-0.1026672375796025
-0.10266178419263611
-0.10265632636281447
-0.10265086409008459
-0.10264539737439332
-0.10263992621568761
-0.10263445061391446
-0.10262897056902065
-0.10262348608095323
-0.10261799714965912
-0.10261250377508524
-0.10260700595717784
-0.10260150369588104
-0.1025959969911729
-0.10259048584316895
-0.10258497025201933
-0.10257945021787415
-0.10257392574088355
-0.1025683968211976
-0.10256286345896648
-0.10255732565434024
-0.10255178340746882
-0.10254623671850274
-0.10254068558759186
-0.10253513001488522
-0.10252957000052816
-0.1025240055446648
-0.10251843664743937
-0.1025128633089962
-0.10250728552947945
-0.1025017033090333
-0.10249611664780198
-0.10249052554592972
-0.10248493000356071
-0.10247933002083924
-0.1024737255979095
-0.10246811673491557
-0.10246250343200185
-0.10245688568931259
-0.10245126350699177
-0.10244563688518386
-0.10244000582403283
-0.10243437032368309
-0.1024287303842788
-0.10242308600596416
-0.10241743718888335
-0.10241178393317957
-0.10240612623899059
-0.10240046410645344
-0.10239479753570478
-0.10238912652688155
-0.10238345108012023
-0.10237777119555552
-0.10237208687332171
-0.1023663981135533
-0.10236070491638528
-0.10235500728195297
-0.10234930521039119
-0.10234359870183524
-0.10233788775642014
-0.10233217237428115
-0.1023264525555533
-0.1023207283003717
-0.1023149996088715
-0.10230926648118813
-0.1023035289174589
-0.10229778691782083
-0.1022920404824111
-0.10228628961136518
-0.10228053430481807
-0.1022747745629047
-0.10226901038576022
-0.10226324177351956
-0.10225746872631772
-0.10225169124428984
-0.10224590932757083
-0.10224012297629581
-0.1022343321905997
-0.10222853697061755
-0.10222273731648444
-0.10221693322833529
-0.10221112470630525
-0.10220531175052917
-0.10219949436114224
-0.10219367253827946
-0.10218784628207563
-0.10218201559266617
-0.10217618047018573
-0.10217034091476952
-0.10216449692655254
-0.10215864850569965
-0.10215279565249533
-0.10214693836725387
-0.10214107665028974
-0.10213521050191718
-0.10212933992248707
-0.10212346491249703
-0.10211758547248104
-0.10211170160297312
-0.10210581330450741
-0.1020999205776179
-0.1020940234228381
-0.10208812184069906
-0.10208221583173105
-0.10207630539646455
-0.10207039053542995
-0.10206447124918336
-0.10205854753838371
-0.10205261940371557
-0.10204668684586357
-0.10204074986551222
-0.10203480846334621
-0.10202886264005008
-0.10202291239630837
-0.10201695773280518
-0.10201099865022188
-0.10200503514923943
-0.10199906723053857
-0.10199309489480018
-0.1019871181427053
-0.10198113697493495
-0.1019751513921722
-0.10196916139510036
-0.10196316698440282
-0.10195716816076313
-0.10195116492486432
-0.10194515727738994
-0.10193914521902345
-0.10193312875044803
-0.10192710787234716
-0.10192108258540417
-0.10191505289030241
-0.10190901878772479
-0.10190298027835232
-0.10189693736286694
-0.10189089004195026
-0.10188483831628362
-0.10187878218654453
-0.10187272165341014
-0.10186665671755724
-0.10186058737966268
-0.10185451364040342
-0.10184843550045602
-0.10184235296049592
-0.10183626602119825
-0.10183017468323817
-0.1018240789472908
-0.10181797881403122
-0.10181187428413464
-0.10180576535827615
-0.10179965203713097
-0.10179353432137415
-0.1017874122116808
-0.10178128570872615
-0.10177515481318523
-0.10176901952573329
-0.10176287984704716
-0.10175673577781073
-0.10175058731870952
-0.10174443447042807
-0.10173827723365038
-0.10173211560906081
-0.10172594959734355
-0.10171977919918274
-0.10171360441526259
-0.10170742524626736
-0.10170124169288128
-0.1016950537557884
-0.1016888614356731
-0.10168266473321941
-0.10167646364911165
-0.10167025818403415
-0.10166404833867078
-0.10165783411370596
-0.1016516155098239
-0.10164539252770878
-0.10163916516804475
-0.10163293343151607
-0.10162669731880696
-0.10162045683060156
-0.10161421196758415
-0.10160796273043805
-0.10160170911984327
-0.10159545113647925
-0.10158918878102506
-0.10158292205416002
-0.10157665095656343
-0.10157037548891444
-0.10156409565189238
-0.10155781144617648
-0.10155152287244591
-0.10154522993138011
-0.10153893262365811
-0.10153263094995897
-0.10152632491096045
-0.10152001450733883
-0.1015136997397662
-0.1015073806089133
-0.101501057115451
-0.10149472926005013
-0.10148839704338147
-0.10148206046611602
-0.10147571952892447
-0.10146937423247777
-0.10146302457744678
-0.10145667056450229
-0.10145031219431504
-0.10144394946755607
-0.10143758238489614
-0.10143121094700604
-0.10142483515455672
-0.10141845500821893
-0.10141207050866363
-0.10140568165656175
-0.10139928845258436
-0.10139289089740237
-0.10138648899168692
-0.10138008273610906
-0.10137367213133963
-0.10136725717804967
-0.10136083787690904
-0.10135441422858738
-0.10134798623375463
-0.1013415538930805
-0.1013351172072348
-0.10132867617688715
-0.1013222308027075
-0.1013157810853655
-0.10130932702553098
-0.10130286862387361
-0.10129640588106317
-0.10128993879776957
-0.10128346737466236
-0.10127699161241145
-0.1012705115116866
-0.10126402707315754
-0.10125753829749398
-0.10125104518536575
-0.10124454773744257
-0.10123804595439426
-0.1012315398368906
-0.10122502938560121
-0.10121851460119603
-0.10121199548434409
-0.1012054720357095
-0.10119894425594693
-0.10119241214570883
-0.10118587570564767
-0.10117933493641584
-0.101172789838666
-0.10116624041305028
-0.10115968666022057
-0.10115312858082627
-0.10114656617551566
-0.10113999944493736
-0.10113342838973999
-0.10112685301057159
-0.10112027330807936
-0.10111368928290988
-0.10110710093570931
-0.10110050826712372
-0.10109391127779938
-0.10108730996838232
-0.10108070433951866
-0.10107409439185401
-0.1010674801260327
-0.10106086154270291
-0.10105423864251398
-0.1010476114261149
-0.101040979894155
-0.10103434404728338
-0.10102770388614943
-0.10102105941140219
-0.10101441062369088
-0.10100775752366478
-0.10100110011197304
-0.10099443838926495
-0.10098777235618962
-0.10098110201339458
-0.10097442736152057
-0.10096774840120651
-0.10096106513309147
-0.10095437755781442
-0.1009476856760142
-0.10094098948833011
-0.10093428899540041
-0.10092758419786219
-0.10092087509635171
-0.1009141616915055
-0.10090744398395989
-0.1009007219743513
-0.10089399566331629
-0.10088726505149116
-0.10088053013951238
-0.10087379092801645
-0.10086704741763959
-0.10086029960901471
-0.10085354750275963
-0.10084679109948866
-0.10084003039981593
-0.1008332654043557
-0.10082649611372227
-0.10081972252852978
-0.10081294464939242
-0.10080616247692456
-0.10079937601174024
-0.10079258525445384
-0.10078579020567953
-0.10077899086603154
-0.10077218723612405
-0.10076537931657135
-0.10075856710798753
-0.10075175061098704
-0.10074492982618394
-0.10073810475419252
-0.1007312753956269
-0.10072444175110146
-0.10071760382123027
-0.10071076160662776
-0.10070391510790798
-0.10069706432568519
-0.10069020926057365
-0.10068334991318753
-0.10067648628416123
-0.10066961837420968
-0.10066274618406772
-0.1006558697144706
-0.10064898896615321
-0.10064210393985051
-0.10063521463629699
-0.10062832105622682
-0.10062142320037451
-0.10061452106947424
-0.10060761466426049
-0.10060070398546753
-0.10059378903382973
-0.10058686981008134
-0.10057994631495687
-0.10057301854919042
-0.10056608651351648
-0.10055915020866932
-0.10055220963538332
-0.10054526479439284
-0.10053831568643216
-0.10053136231223564
-0.10052440467253763
-0.1005174427680724
-0.10051047659957435
-0.1005035061677777
-0.10049653147341704
-0.10048955251722647
-0.10048256929994039
-0.10047558182229233
-0.10046859008501248
-0.10046159408883008
-0.10045459383447462
-0.1004475893226753
-0.10044058055416155
-0.10043356752966291
-0.10042655024990904
-0.10041952871562944
-0.10041250292755377
-0.10040547288641154
-0.10039843859293231
-0.10039140004784583
-0.10038435725188148
-0.10037731020576895
-0.10037025891023789
-0.1003632033660178
-0.10035614357383901
-0.10034907953443459
-0.10034201124853852
-0.10033493871688455
-0.1003278619402066
-0.10032078091923835
-0.10031369565471385
-0.10030660614736699
-0.10029951239793246
-0.100292414407145
-0.1002853121757393
-0.10027820570445042
-0.10027109499401286
-0.10026398004516168
-0.10025686085863146
-0.10024973743519827
-0.10024260977580368
-0.10023547788143006
-0.1002283417530603
-0.10022120139167687
-0.10021405679826254
-0.10020690797379989
-0.10019975491927165
-0.10019259763566032
-0.1001854361239487
-0.10017827038511931
-0.10017110042015463
-0.10016392623003571
-0.10015674781574314
-0.1001495651782579
-0.1001423783185607
-0.1001351872376323
-0.10012799193645351
-0.10012079241600502
-0.10011358867726766
-0.10010638072122215
-0.10009916854884936
-0.10009195216112997
-0.10008473155904479
-0.10007750674357453
-0.10007027771570005
-0.10006304447640113
-0.1000558070266538
-0.10004856536743323
-0.10004131949971447
-0.10003406942447267
-0.10002681514268293
-0.10001955665532028
-0.10001229396335987
-0.10000502706777685
-0.09999775596954631
-0.09999048066964328
-0.09998320116904304
-0.0999759174687205
-0.09996862956965082
-0.09996133747280922
-0.09995404117917062
-0.09994674068971034
-0.09993943600540332
-0.09993212712722471
-0.09992481405614963
-0.09991749679315325
-0.09991017533921044
-0.09990284969529661
-0.09989551986238675
-0.09988818584145591
-0.09988084763347921
-0.09987350523943177
-0.09986615866028875
-0.09985880789702513
-0.0998514529506161
-0.09984409382203692
-0.09983673051226237
-0.09982936302226784
-0.09982199135302817
-0.0998146155055188
-0.09980723548071456
-0.09979985127959062
-0.09979246290312216
-0.09978507035228414
-0.09977767362805191
-0.09977027273140038
-0.0997628676633047
-0.09975545842473998
-0.09974804501668132
-0.09974062744010385
-0.09973320569598278
-0.09972577978529294
-0.09971834970900956
-0.09971091546810795
-0.09970347706356297
-0.09969603449634973
-0.09968858776744345
-0.09968113687781922
-0.09967368182845213
-0.09966622262031728
-0.09965875925438976
-0.09965129173164472
-0.09964382005305718
-0.09963634421960227
-0.09962886423225524
-0.09962138009199102
-0.09961389179978478
-0.09960639935661171
-0.09959890276344664
-0.09959140202126505
-0.09958389713104175
-0.09957638809375205
-0.09956887491037092
-0.09956135758187323
-0.09955383610923277
-0.09954631049342282
-0.09953878073541692
-0.09953124683618329
-0.09952370879666937
-0.09951616661781691
-0.09950862030056813
-0.09950106984586535
-0.09949351525465155
-0.09948595652786986
-0.09947839366646359
-0.09947082667137598
-0.09946325554355018
-0.09945568028392934
-0.09944810089345679
-0.09944051737307569
-0.0994329297237293
-0.09942533794636077
-0.09941774204191337
-0.09941014201133033
-0.0994025378555548
-0.09939492957552999
-0.09938731717219916
-0.09937970064650557
-0.09937207999939193
-0.09936445523179949
-0.09935682634466912
-0.0993491933389416
-0.09934155621555771
-0.09933391497545828
-0.09932626961958424
-0.09931862014887617
-0.09931096656427511
-0.09930330886672183
-0.09929564705715709
-0.09928798113652172
-0.09928031110575654
-0.0992726369658024
-0.09926495871760005
-0.09925727636209039
-0.09924958990021418
-0.0992418993329123
-0.0992342046611255
-0.09922650588579454
-0.09921880300786036
-0.09921109602826417
-0.0992033849479487
-0.09919566976785724
-0.099187950488933
-0.0991802271121192
-0.09917249963835911
-0.09916476806859584
-0.09915703240377229
-0.09914929264482943
-0.09914154879270796
-0.09913380084834837
-0.09912604881269133
-0.09911829268667738
-0.09911053247124701
-0.09910276816733951
-0.09909499977589416
-0.09908722729785009
-0.09907945073414663
-0.09907167008572221
-0.0990638853535138
-0.09905609653845737
-0.0990483036414893
-0.09904050666354577
-0.09903270560556296
-0.09902490046847705
-0.09901709125322442
-0.09900927796074116
-0.0990014605919634
-0.09899363914782745
-0.09898581362926957
-0.0989779840372259
-0.09897015037263272
-0.09896231263642682
-0.0989544708295483
-0.09894662495293739
-0.09893877500753484
-0.09893092099428114
-0.09892306291411695
-0.09891520076798274
-0.09890733455681908
-0.09889946428156647
-0.09889158994316556
-0.09888371154255683
-0.09887582908068093
-0.09886794255847835
-0.0988600519768896
-0.09885215733685526
-0.09884425863931598
-0.09883635588521222
-0.09882844907548212
-0.09882053821105369
-0.09881262329285256
-0.09880470432180427
-0.09879678129883447
-0.09878885422486866
-0.09878092310083264
-0.09877298792765175
-0.09876504870625175
-0.0987571054375576
-0.09874915812249178
-0.0987412067619764
-0.09873325135693105
-0.09872529190826623
-0.09871732841689043
-0.09870936088373669
-0.09870138930983571
-0.09869341369624172
-0.09868543404400251
-0.0986774503541644
-0.09866946262777361
-0.09866147086587637
-0.098653475069519
-0.09864547523974768
-0.09863747137760877
-0.09862946348414847
-0.09862145156041309
-0.09861343560744883
-0.09860541562630205
-0.09859739161801886
-0.09858936358364066
-0.09858133152418869
-0.09857329544067919
-0.09856525533412841
-0.09855721120555258
-0.09854916305596814
-0.09854111088639116
-0.09853305469783794
-0.0985249944913249
-0.09851693026786808
-0.09850886202848383
-0.09850078977418844
-0.09849271350599818
-0.09848463322492929
-0.09847654893199796
-0.09846846062822064
-0.09846036831461345
-0.09845227199219275
-0.09844417166197468
-0.09843606732497559
-0.09842795898221171
-0.09841984663469927
-0.09841173028345471
-0.09840360992949405
-0.09839548557383371
-0.09838735721748992
-0.09837922486147893
-0.09837108850681699
-0.09836294815452049
-0.09835480380560542
-0.09834665546108823
-0.09833850312198532
-0.09833034678931263
-0.09832218646408665
-0.09831402214732364
-0.09830585384003977
-0.09829768154325136
-0.09828950525797464
-0.09828132498522596
-0.0982731407260214
-0.09826495248137737
-0.09825676025231017
-0.09824856403983596
-0.09824036384497105
-0.0982321596687317
-0.09822395151213414
-0.09821573937619467
-0.09820752326192957
-0.09819930317035509
-0.09819107910248746
-0.09818285105934296
-0.09817461904193778
-0.0981663830512884
-0.09815814308841093
-0.09814989915432167
-0.0981416512500368
-0.0981333993765727
-0.0981251435349455
-0.09811688372617165
-0.09810861995126736
-0.09810035221124887
-0.0980920805071332
-0.09808380483993741
-0.09807552521067864
-0.09806724162037382
-0.09805895407003998
-0.09805066256069421
-0.09804236709334885
-0.09803406766899694
-0.0980257642886268
-0.09801745695322688
-0.09800914566378541
-0.09800083042129085
-0.09799251122673146
-0.0979841880810958
-0.09797586098537298
-0.09796752994055241
-0.09795919494762355
-0.09795085600757551
-0.09794251312139791
-0.09793416629007985
-0.09792581551461091
-0.09791746079598021
-0.09790910213517734
-0.09790073953319149
-0.0978923729910121
-0.09788400250962846
-0.09787562809002998
-0.09786724973320599
-0.09785886744014574
-0.09785048121183876
-0.09784209104927441
-0.0978336969534419
-0.09782529892533055
-0.09781689696592986
-0.09780849107622913
-0.09780008125721777
-0.09779166750988495
-0.0977832498352202
-0.09777482823421284
-0.0977664027078522
-0.09775797325712758
-0.09774953988302844
-0.0977411025865441
-0.09773266136866383
-0.09772421623037712
-0.09771576717267312
-0.09770731419654145
-0.09769885730297129
-0.097690396492952
-0.09768193176747296
-0.09767346312752354
-0.09766499057409304
-0.09765651410817096
-0.09764803373074643
-0.09763954944280892
-0.09763106124534789
-0.09762256913935248
-0.09761407312581212
-0.09760557320571625
-0.09759706938005412
-0.09758856164981518
-0.09758005001598873
-0.09757153447956406
-0.09756301504153067
-0.09755449170287774
-0.09754596446459471
-0.097537433327671
-0.09752889829309581
-0.09752035936185863
-0.09751181653494884
-0.09750326981335557
-0.09749471919806837
-0.09748616469007651
-0.09747760629036949
-0.0974690439999364
-0.09746047781976681
-0.09745190775085001
-0.09744333379417539
-0.09743475595073212
-0.09742617422150984
-0.09741758860749772
-0.09740899910968505
-0.09740040572906133
-0.09739180846661585
-0.09738320732333809
-0.09737460230021712
-0.0973659933982426
-0.09735738061840289
-0.09734876396168393
-0.09734014342907052
-0.09733151902154741
-0.09732289074009945
-0.09731425858571126
-0.09730562255936767
-0.09729698266205337
-0.09728833889475329
-0.09727969125845189
-0.09727103975413404
-0.0972623843827846
-0.0972537251453881
-0.09724506204292946
-0.09723639507639331
-0.09722772424676451
-0.0972190495550277
-0.09721037100216767
-0.09720168858916918
-0.0971930023170168
-0.09718431218669563
-0.09717561819919007
-0.09716692035548506
-0.09715821865656528
-0.09714951310341549
-0.09714080369702045
-0.09713209043836481
-0.09712337332843345
-0.09711465236821111
-0.09710592755868237
-0.097097198900832
-0.097088466395645
-0.0970797300441058
-0.09707098984719939
-0.09706224580591037
-0.09705349792122356
-0.0970447461941236
-0.0970359906255954
-0.09702723121662354
-0.09701846796819276
-0.09700970088128795
-0.0970009299568938
-0.096992155195995
-0.09698337659957634
-0.09697459416862259
-0.09696580790411839
-0.09695701780704861
-0.09694822387839791
-0.09693942611915103
-0.09693062453029277
-0.09692181911280784
-0.09691300986768107
-0.09690419679589707
-0.09689537989844059
-0.09688655917629643
-0.09687773463044942
-0.09686890626188417
-0.09686007407158545
-0.09685123806053815
-0.09684239822972678
-0.09683355458013623
-0.09682470711275122
-0.09681585582855638
-0.0968070007285367
-0.09679814181367671
-0.09678927908496138
-0.0967804125433765
-0.09677154218990774
-0.0967626680255411
-0.09675379005126225
-0.09674490826805729
-0.09673602267691181
-0.09672713327881187
-0.0967182400747431
-0.09670934306569157
-0.09670044225264297
-0.09669153763658316
-0.0966826292184981
-0.09667371699937355
-0.09666480098019531
-0.09665588116194931
-0.09664695754562098
-0.09663803013219592
-0.0966290989226594
-0.09662016391799706
-0.0966112251191944
-0.09660228252723685
-0.09659333614310987
-0.09658438596779904
-0.09657543200228977
-0.0965664742475675
-0.0965575127046178
-0.09654854737442613
-0.0965395782579779
-0.09653060535625872
-0.09652162867025404
-0.09651264820094925
-0.09650366394932987
-0.09649467591638153
-0.0964856841030895
-0.09647668851043936
-0.09646768913941663
-0.09645868599100677
-0.09644967906619518
-0.09644066836596742
-0.09643165389130899
-0.0964226356432054
-0.09641361362264195
-0.09640458783060434
-0.09639555826807793
-0.0963865249360483
-0.09637748783550089
-0.09636844696742111
-0.09635940233279447
-0.09635035393260657
-0.09634130176784277
-0.09633224583948852
-0.09632318614852942
-0.09631412269595092
-0.09630505548273845
-0.0962959845098776
-0.09628690977835379
-0.09627783128915246
-0.0962687490432591
-0.09625966304165928
-0.0962505732853384
-0.09624147977528204
-0.09623238251247555
-0.09622328149790446
-0.0962141767325544
-0.09620506821741057
-0.09619595595345873
-0.0961868399416842
-0.09617772018307248
-0.09616859667860914
-0.09615946942927954
-0.09615033843606924
-0.09614120369996373
-0.09613206522194848
-0.09612292300300894
-0.09611377704413067
-0.09610462734629904
-0.09609547391049922
-0.0960863167377148
-0.09607715582892894
-0.09606799118512484
-0.0960588228072857
-0.09604965069639466
-0.09604047485343498
-0.09603129527938978
-0.09602211197524235
-0.09601292494197575
-0.09600373418057329
-0.09599453969201802
-0.0959853414772933
-0.0959761395373822
-0.09596693387326793
-0.09595772448593368
-0.09594851137636268
-0.09593929454553811
-0.09593007399444312
-0.09592084972406097
-0.09591162173537471
-0.0959023900293677
-0.09589315460702297
-0.09588391546932382
-0.09587467261725345
-0.09586542605179502
-0.09585617577393162
-0.0958469217846466
-0.09583766408492313
-0.09582840267574427
-0.09581913755809326
-0.09580986873295336
-0.09580059620130771
-0.09579131996413952
-0.095782040022432
-0.09577275637716824
-0.09576346902933155
-0.09575417797990504
-0.09574488322987201
-0.09573558478021543
-0.0957262826319187
-0.09571697678596493
-0.09570766724333728
-0.09569835400501904
-0.09568903707199329
-0.09567971644524328
-0.09567039212575215
-0.09566106411450322
-0.09565173241247953
-0.09564239702066417
-0.09563305794004069
-0.09562371517159204
-0.09561436871630136
-0.095605018575152
-0.09559566474912704
-0.09558630723920973
-0.09557694604638318
-0.09556758117163071
-0.09555821261593532
-0.09554884038028044
-0.09553946446564902
-0.09553008487302442
-0.09552070160338978
-0.09551131465772822
-0.09550192403702303
-0.09549252974225735
-0.09548313177441442
-0.09547373013447734
-0.09546432482342937
-0.0954549158422537
-0.09544550319193343
-0.09543608687345184
-0.09542666688779211
-0.09541724323593742
-0.09540781591887096
-0.09539838493757596
-0.09538895029303553
-0.0953795119862329
-0.09537007001815122
-0.09536062438977373
-0.09535117510208357
-0.09534172215606404
-0.09533226555269819
-0.09532280529296933
-0.0953133413778606
-0.09530387380835516
-0.09529440258543621
-0.09528492771008691
-0.09527544918329063
-0.09526596700603031
-0.09525648117928927
-0.09524699170405071
-0.0952374985812978
-0.09522800181201371
-0.09521850139718162
-0.09520899733778476
-0.09519948963480626
-0.09518997828922936
-0.0951804633020373
-0.0951709446742132
-0.09516142240674023
-0.09515189650060162
-0.09514236695678056
-0.09513283377626014
-0.09512329696002376
-0.09511375650905445
-0.09510421242433548
-0.09509466470684987
-0.09508511335758105
-0.09507555837751208
-0.09506599976762611
-0.09505643752890648
-0.09504687166233625
-0.09503730216889861
-0.09502772904957679
-0.09501815230535406
-0.09500857193721342
-0.09499898794613822
-0.09498940033311153
-0.0949798090991167
-0.09497021424513681
-0.09496061577215499
-0.09495101368115462
-0.09494140797311865
-0.09493179864903052
-0.09492218570987312
-0.0949125691566299
-0.09490294899028402
-0.09489332521181859
-0.09488369782221685
-0.09487406682246186
-0.09486443221353692
-0.09485479399642528
-0.09484515217211008
-0.09483550674157441
-0.0948258577058016
-0.0948162050657747
-0.09480654882247709
-0.09479688897689183
-0.09478722553000209
-0.09477755848279107
-0.09476788783624204
-0.09475821359133811
-0.09474853574906257
-0.09473885431039854
-0.09472916927632909
-0.09471948064783764
-0.09470978842590717
-0.09470009261152103
-0.09469039320566232
-0.0946806902093142
-0.09467098362346003
-0.0946612734490828
-0.09465155968716583
-0.09464184233869233
-0.09463212140464536
-0.09462239688600814
-0.09461266878376393
-0.09460293709889589
-0.09459320183238719
-0.09458346298522108
-0.09457372055838065
-0.09456397455284914
-0.09455422496960982
-0.09454447180964565
-0.09453471507394011
-0.09452495476347621
-0.09451519087923717
-0.09450542342220625
-0.09449565239336652
-0.09448587779370125
-0.09447609962419362
-0.09446631788582678
-0.09445653257958397
-0.09444674370644834
-0.09443695126740313
-0.09442715526343151
-0.09441735569551661
-0.09440755256464164
-0.09439774587178994
-0.09438793561794445
-0.0943781218040886
-0.0943683044312054
-0.09435848350027815
-0.09434865901228998
-0.09433883096822407
-0.09432899936906368
-0.09431916421579196
-0.09430932550939206
-0.0942994832508472
-0.09428963744114062
-0.09427978808125542
-0.09426993517217488
-0.09426007871488208
-0.09425021871036036
-0.09424035515959277
-0.09423048806356257
-0.09422061742325298
-0.09421074323964704
-0.09420086551372811
-0.09419098424647927
-0.0941810994388838
-0.09417121109192485
-0.09416131920658553
-0.09415142378384916
-0.09414152482469888
-0.0941316223301178
-0.09412171630108931
-0.09411180673859636
-0.09410189364362226
-0.09409197701715027
-0.09408205686016341
-0.09407213317364505
-0.09406220595857821
-0.09405227521594615
-0.09404234094673215
-0.09403240315191928
-0.09402246183249076
-0.09401251698942971
-0.0940025686237196
-0.09399261673634325
-0.09398266132828408
-0.09397270240052522
-0.09396273995404981
-0.0939527739898411
-0.09394280450888233
-0.0939328315121566
-0.09392285500064705
-0.09391287497533703
-0.0939028914372096
-0.09389290438724801
-0.0938829138264354
-0.09387291975575507
-0.0938629221761901
-0.09385292108872373
-0.09384291649433911
-0.09383290839401945
-0.09382289678874797
-0.09381288167950785
-0.09380286306728222
-0.09379284095305432
-0.09378281533780727
-0.09377278622252441
-0.0937627536081888
-0.0937527174957837
-0.09374267788629218
-0.09373263478069768
-0.09372258817998318
-0.09371253808513186
-0.09370248449712701
-0.09369242741695182
-0.09368236684558931
-0.0936723027840229
-0.09366223523323565
-0.09365216419421078
-0.09364208966793149
-0.093632011655381
-0.0936219301575424
-0.09361184517539894
-0.09360175670993381
-0.09359166476213021
-0.09358156933297132
-0.09357147042344029
-0.09356136803452043
-0.09355126216719478
-0.09354115282244657
-0.09353104000125911
-0.09352092370461541
-0.09351080393349875
-0.09350068068889233
-0.09349055397177934
-0.09348042378314293
-0.0934702901239663
-0.09346015299523273
-0.09345001239792529
-0.09343986833302723
-0.09342972080152166
-0.09341956980439194
-0.09340941534262105
-0.09339925741719227
-0.0933890960290889
-0.09337893117929405
-0.09336876286879076
-0.09335859109856237
-0.0933484158695921
-0.09333823718286312
-0.09332805503935852
-0.0933178694400616
-0.09330768038595556
-0.09329748787802343
-0.09328729191724862
-0.09327709250461412
-0.09326688964110327
-0.09325668332769915
-0.09324647356538503
-0.09323626035514405
-0.09322604369795946
-0.09321582359481434
-0.09320560004669198
-0.09319537305457554
-0.09318514261944814
-0.0931749087422932
-0.09316467142409358
-0.09315443066583268
-0.09314418646849369
-0.09313393883305975
-0.09312368776051398
-0.09311343325183975
-0.09310317530802006
-0.09309291393003827
-0.09308264911887733
-0.09307238087552076
-0.09306210920095148
-0.09305183409615277
-0.09304155556210784
-0.0930312735997999
-0.09302098821021201
-0.09301069939432759
-0.09300040715312964
-0.0929901114876013
-0.09297981239872591
-0.09296950988748669
-0.09295920395486668
-0.09294889460184914
-0.09293858182941728
-0.09292826563855429
-0.09291794603024332
-0.09290762300546752
-0.09289729656521022
-0.09288696671045447
-0.09287663344218063
-0.09286629676135738
-0.09285595666895034
-0.0928456131659253
-0.092835266253248
-0.09282491593188415
-0.0928145622027995
-0.09280420506695977
-0.09279384452533081
-0.0927834805788781
-0.09277311322856757
-0.09276274247536484
-0.09275236832023583
-0.09274199076414608
-0.09273160980806139
-0.09272122545294753
-0.09271083769977014
-0.09270044654949505
-0.09269005200308796
-0.09267965406151456
-0.0926692527257406
-0.09265884799673187
-0.09264843987545414
-0.09263802836287298
-0.09262761345995423
-0.0926171951676636
-0.09260677348696678
-0.09259634841882966
-0.0925859199642178
-0.092575488124097
-0.09256505289943302
-0.09255461429119147
-0.0925441723003383
-0.09253372692783904
-0.09252327817465957
-0.09251282604176556
-0.09250237053012265
-0.09249191164069663
-0.0924814493744534
-0.09247098373235854
-0.0924605147153777
-0.09245004232447682
-0.09243956656062143
-0.09242908742477739
-0.09241860491791043
-0.09240811904098625
-0.09239762979497063
-0.09238713718082918
-0.09237664119952779
-0.09236614185203204
-0.0923556391393078
-0.09234513306232077
-0.0923346236220366
-0.09232411081942109
-0.09231359465543999
-0.092303075131059
-0.09229255224724384
-0.09228202600496031
-0.09227149640517397
-0.09226096344885082
-0.09225042713695643
-0.0922398874704565
-0.09222934445031687
-0.09221879807750316
-0.0922082483529812
-0.0921976952777167
-0.09218713885267538
-0.09217657907882303
-0.09216601595712519
-0.09215544948854783
-0.09214487967405652
-0.09213430651461711
-0.09212373001119523
-0.09211315016475669
-0.09210256697626716
-0.09209198044669248
-0.0920813905769983
-0.09207079736815034
-0.09206020082111435
-0.09204960093685603
-0.09203899771634126
-0.09202839116053553
-0.09201778127040487
-0.09200716804691474
-0.091996551491031
-0.09198593160371939
-0.09197530838594564
-0.09196468183867548
-0.09195405196287455
-0.09194341875950872
-0.09193278222954362
-0.09192214237394503
-0.0919114991936787
-0.09190085268971038
-0.09189020286300571
-0.09187954971453052
-0.09186889324525048
-0.09185823345613138
-0.09184757034813884
-0.09183690392223874
-0.09182623417939671
-0.09181556112057855
-0.09180488474674993
-0.09179420505887663
-0.09178352205792437
-0.09177283574485891
-0.09176214612064591
-0.09175145318625116
-0.09174075694264039
-0.0917300573907793
-0.09171935453163363
-0.09170864836616913
-0.09169793889535162
-0.09168722612014671
-0.09167651004152007
-0.09166579066043756
-0.09165506797786496
-0.09164434199476791
-0.0916336127121121
-0.09162288013086332
-0.09161214425198737
-0.09160140507645001
-0.09159066260521671
-0.09157991683925343
-0.0915691677795259
-0.09155841542699976
-0.09154765978264072
-0.09153690084741462
-0.0915261386222872
-0.09151537310822407
-0.09150460430619109
-0.09149383221715393
-0.0914830568420783
-0.09147227818193003
-0.09146149623767477
-0.0914507110102783
-0.09143992250070623
-0.09142913070992446
-0.09141833563889865
-0.09140753728859448
-0.09139673565997782
-0.09138593075401423
-0.09137512257166958
-0.09136431111390954
-0.09135349638169994
-0.09134267837600636
-0.09133185709779457
-0.09132103254803038
-0.09131020472767959
-0.09129937363770765
-0.09128853927908052
-0.09127770165276392
-0.09126686075972351
-0.09125601660092506
-0.09124516917733436
-0.09123431848991702
-0.09122346453963881
-0.09121260732746553
-0.09120174685436291
-0.09119088312129661
-0.09118001612923243
-0.091169145879136
-0.09115827237197319
-0.09114739560870967
-0.09113651559031112
-0.09112563231774334
-0.09111474579197208
-0.09110385601396294
-0.09109296298468188
-0.09108206670509442
-0.09107116717616648
-0.09106026439886354
-0.09104935837415162
-0.09103844910299629
-0.09102753658636327
-0.09101662082521839
-0.09100570182052724
-0.0909947795732558
-0.09098385408436949
-0.09097292535483421
-0.0909619933856158
-0.09095105817767976
-0.09094011973199195
-0.09092917804951808
-0.09091823313122396
-0.09090728497807521
-0.09089633359103766
-0.0908853789710769
-0.0908744211191588
-0.09086346003624902
-0.09085249572331339
-0.09084152818131751
-0.09083055741122717
-0.09081958341400817
-0.0908086061906262
-0.0907976257420469
-0.09078664206923609
-0.09077565517315948
-0.09076466505478288
-0.0907536717150719
-0.09074267515499236
-0.09073167537550997
-0.09072067237759045
-0.09070966616219955
-0.09069865673030299
-0.09068764408286648
-0.09067662822085581
-0.09066560914523665
-0.09065458685697479
-0.090643561357036
-0.09063253264638585
-0.0906215007259902
-0.09061046559681478
-0.09059942725982525
-0.09058838571598744
-0.09057734096626706
-0.09056629301162977
-0.09055524185304141
-0.09054418749146756
-0.09053312992787416
-0.0905220691632268
-0.09051100519849122
-0.09049993803463321
-0.09048886767261848
-0.09047779411341267
-0.09046671735798169
-0.09045563740729114
-0.09044455426230678
-0.09043346792399436
-0.09042237839331964
-0.09041128567124831
-0.09040018975874614
-0.0903890906567788
-0.0903779883663121
-0.09036688288831167
-0.09035577422374344
-0.09034466237357294
-0.09033354733876589
-0.09032242912028819
-0.09031130771910548
-0.09030018313618349
-0.09028905537248802
-0.09027792442898473
-0.09026679030663934
-0.09025565300641758
-0.09024451252928527
-0.09023336887620818
-0.09022222204815179
-0.09021107204608211
-0.09019991887096475
-0.09018876252376538
-0.09017760300544989
-0.09016644031698387
-0.09015527445933316
-0.09014410543346346
-0.09013293324034044
-0.09012175788092991
-0.0901105793561976
-0.09009939766710916
-0.09008821281463042
-0.09007702479972703
-0.0900658336233648
-0.09005463928650946
-0.09004344179012676
-0.09003224113518228
-0.09002103732264188
-0.09000983035347128
-0.08999862022863625
-0.08998740694910243
-0.08997619051583564
-0.0899649709298015
-0.0899537481919659
-0.08994252230329454
-0.08993129326475299
-0.0899200610773071
-0.08990882574192269
-0.08989758725956538
-0.08988634563120092
-0.08987510085779496
-0.08986385294031343
-0.08985260187972191
-0.08984134767698622
-0.08983009033307203
-0.08981882984894518
-0.08980756622557114
-0.08979629946391593
-0.08978502956494518
-0.08977375652962459
-0.0897624803589199
-0.08975120105379694
-0.08973991861522128
-0.08972863304415883
-0.08971734434157515
-0.08970605250843616
-0.0896947575457074
-0.0896834594543547
-0.08967215823534376
-0.08966085388964043
-0.0896495464182103
-0.08963823582201916
-0.08962692210203271
-0.08961560525921675
-0.08960428529453697
-0.08959296220895911
-0.0895816360034489
-0.08957030667897198
-0.08955897423649432
-0.08954763867698143
-0.08953630000139912
-0.08952495821071312
-0.08951361330588924
-0.08950226528789308
-0.08949091415769041
-0.08947955991624708
-0.08946820256452864
-0.08945684210350098
-0.08944547853412971
-0.08943411185738066
-0.08942274207421955
-0.08941136918561203
-0.08939999319252388
-0.08938861409592087
-0.08937723189676874
-0.08936584659603312
-0.0893544581946798
-0.0893430666936746
-0.08933167209398318
-0.08932027439657118
-0.0893088736024045
-0.08929746971244878
-0.08928606272766977
-0.0892746526490332
-0.08926323947750481
-0.08925182321405038
-0.08924040385963548
-0.08922898141522603
-0.08921755588178765
-0.08920612726028616
-0.08919469555168719
-0.0891832607569565
-0.08917182287706
-0.08916038191296312
-0.08914893786563183
-0.08913749073603183
-0.08912604052512865
-0.08911458723388825
-0.08910313086327629
-0.08909167141425851
-0.08908020888780062
-0.08906874328486838
-0.08905727460642753
-0.08904580285344374
-0.08903432802688284
-0.08902285012771045
-0.08901136915689237
-0.08899988511539439
-0.0889883980041821
-0.0889769078242214
-0.08896541457647786
-0.08895391826191727
-0.08894241888150546
-0.08893091643620804
-0.08891941092699084
-0.08890790235481948
-0.08889639072065973
-0.08888487602547739
-0.08887335827023816
-0.08886183745590777
-0.08885031358345197
-0.08883878665383645
-0.08882725666802689
-0.08881572362698918
-0.08880418753168891
-0.08879264838309195
-0.08878110618216388
-0.08876956092987053
-0.08875801262717767
-0.08874646127505086
-0.088734906874456
-0.08872334942635877
-0.08871178893172495
-0.0887002253915202
-0.0886886588067102
-0.08867708917826087
-0.08866551650713782
-0.08865394079430668
-0.08864236204073343
-0.0886307802473836
-0.08861919541522305
-0.08860760754521743
-0.08859601663833257
-0.08858442269553403
-0.08857282571778774
-0.0885612257060593
-0.08854962266131453
-0.0885380165845191
-0.08852640747663867
-0.0885147953386392
-0.0885031801714862
-0.08849156197614555
-0.08847994075358283
-0.08846831650476397
-0.08845668923065456
-0.08844505893222034
-0.08843342561042716
-0.08842178926624066
-0.08841014990062655
-0.08839850751455058
-0.08838686210897845
-0.08837521368487601
-0.08836356224320892
-0.08835190778494295
-0.08834025031104378
-0.0883285898224771
-0.08831692632020881
-0.08830525980520447
-0.08829359027842994
-0.08828191774085081
-0.0882702421934329
-0.08825856363714203
-0.0882468820729438
-0.08823519750180399
-0.08822350992468836
-0.08821181934256257
-0.08820012575639245
-0.08818842916714363
-0.08817672957578196
-0.08816502698327304
-0.08815332139058267
-0.08814161279867662
-0.08812990120852056
-0.08811818662108027
-0.08810646903732146
-0.08809474845820987
-0.08808302488471118
-0.08807129831779122
-0.08805956875841567
-0.08804783620755023
-0.08803610066616077
-0.08802436213521278
-0.08801262061567226
-0.0880008761085048
-0.08798912861467612
-0.08797737813515197
-0.08796562467089815
-0.08795386822288027
-0.0879421087920642
-0.08793034637941563
-0.08791858098590016
-0.08790681261248373
-0.087895041260132
-0.08788326692981063
-0.08787148962248538
-0.08785970933912202
-0.08784792608068635
-0.08783613984814395
-0.08782435064246061
-0.08781255846460208
-0.0878007633155341
-0.08778896519622242
-0.08777716410763278
-0.08776536005073086
-0.08775355302648234
-0.08774174303585311
-0.08772993007980878
-0.08771811415931514
-0.0877062952753379
-0.08769447342884283
-0.08768264862079558
-0.08767082085216199
-0.08765899012390768
-0.08764715643699843
-0.08763531979240011
-0.08762348019107821
-0.0876116376339986
-0.08759979212212705
-0.08758794365642919
-0.08757609223787081
-0.08756423786741764
-0.0875523805460354
-0.08754052027468981
-0.08752865705434666
-0.08751679088597161
-0.08750492177053044
-0.08749304970898884
-0.08748117470231269
-0.08746929675146753
-0.08745741585741915
-0.08744553202113335
-0.0874336452435758
-0.08742175552571223
-0.08740986286850844
-0.08739796727293007
-0.0873860687399429
-0.08737416727051266
-0.0873622628656051
-0.08735035552618597
-0.0873384452532209
-0.08732653204767572
-0.08731461591051619
-0.08730269684270793
-0.0872907748452168
-0.08727884991900843
-0.08726692206504856
-0.08725499128430302
-0.0872430575777374
-0.08723112094631752
-0.08721918139100915
-0.08720723891277796
-0.0871952935125897
-0.08718334519141012
-0.08717139395020485
-0.08715943978993981
-0.08714748271158061
-0.0871355227160929
-0.08712355980444267
-0.08711159397759542
-0.08709962523651699
-0.08708765358217303
-0.08707567901552937
-0.08706370153755169
-0.08705172114920573
-0.08703973785145727
-0.08702775164527195
-0.08701576253161555
-0.08700377051145387
-0.08699177558575256
-0.08697977775547738
-0.086967777021594
-0.08695577338506823
-0.0869437668468658
-0.08693175740795243
-0.08691974506929386
-0.08690772983185581
-0.08689571169660393
-0.08688369066450413
-0.08687166673652204
-0.08685963991362343
-0.08684761019677396
-0.08683557758693942
-0.08682354208508557
-0.08681150369217805
-0.08679946240918268
-0.08678741823706518
-0.08677537117679124
-0.08676332122932659
-0.08675126839563707
-0.08673921267668822
-0.08672715407344594
-0.08671509258687593
-0.08670302821794393
-0.08669096096761565
-0.08667889083685679
-0.08666681782663307
-0.0866547419379103
-0.08664266317165421
-0.08663058152883046
-0.08661849701040487
-0.08660640961734313
-0.08659431935061096
-0.08658222621117409
-0.0865701301999982
-0.08655803131804925
-0.08654592956629265
-0.08653382494569437
-0.08652171745722011
-0.08650960710183551
-0.08649749388050638
-0.08648537779419843
-0.08647325884387734
-0.08646113703050895
-0.08644901235505895
-0.08643688481849303
-0.08642475442177698
-0.08641262116587646
-0.08640048505175728
-0.08638834608038513
-0.08637620425272582
-0.08636405956974497
-0.08635191203240836
-0.08633976164168167
-0.08632760839853085
-0.08631545230392135
-0.08630329335881907
-0.08629113156418963
-0.08627896692099889
-0.0862667994302125
-0.08625462909279623
-0.08624245590971585
-0.08623027988193693
-0.08621810101042537
-0.08620591929614697
-0.08619373474006721
-0.08618154734315196
-0.08616935710636696
-0.08615716403067794
-0.08614496811705061
-0.08613276936645076
-0.08612056777984403
-0.08610836335819623
-0.08609615610247305
-0.08608394601364029
-0.08607173309266358
-0.08605951734050875
-0.08604729875814146
-0.08603507734652746
-0.08602285310663253
-0.08601062603942244
-0.08599839614586274
-0.08598616342691924
-0.08597392788355782
-0.08596168951674404
-0.08594944832744372
-0.08593720431662251
-0.08592495748524628
-0.08591270783428062
-0.0859004553646914
-0.08588820007744417
-0.08587594197350487
-0.08586368105383914
-0.08585141731941262
-0.0858391507711912
-0.08582688141014051
-0.08581460923722638
-0.08580233425341441
-0.08579005645967046
-0.08577777585696014
-0.08576549244624931
-0.08575320622850358
-0.08574091720468881
-0.08572862537577065
-0.08571633074271486
-0.08570403330648714
-0.08569173306805325
-0.08567943002837898
-0.08566712418842995
-0.08565481554917193
-0.08564250411157073
-0.08563018987659196
-0.0856178728452015
-0.08560555301836491
-0.08559323039704805
-0.08558090498221665
-0.08556857677483634
-0.08555624577587301
-0.08554391198629227
-0.08553157540705988
-0.08551923603914151
-0.08550689388350309
-0.08549454894111014
-0.0854822012129285
-0.0854698506999239
-0.08545749740306204
-0.08544514132330866
-0.08543278246162953
-0.08542042081899034
-0.08540805639635689
-0.08539568919469483
-0.0853833192149699
-0.08537094645814787
-0.08535857092519449
-0.08534619261707542
-0.08533381153475647
-0.08532142767920335
-0.0853090410513817
-0.08529665165225743
-0.0852842594827961
-0.0852718645439636
-0.08525946683672557
-0.08524706636204774
-0.08523466312089586
-0.08522225711423567
-0.08520984834303291
-0.08519743680825327
-0.08518502251086253
-0.08517260545182644
-0.08516018563211063
-0.08514776305268101
-0.08513533771450311
-0.0851229096185428
-0.0851104787657658
-0.0850980451571377
-0.08508560879362448
-0.08507316967619165
-0.08506072780580515
-0.08504828318343052
-0.08503583581003357
-0.08502338568658005
-0.08501093281403566
-0.08499847719336612
-0.08498601882553722
-0.0849735577115147
-0.08496109385226423
-0.08494862724875155
-0.0849361579019425
-0.08492368581280264
-0.08491121098229784
-0.0848987334113938
-0.0848862531010562
-0.08487377005225077
-0.08486128426594333
-0.08484879574309957
-0.08483630448468524
-0.08482381049166599
-0.08481131376500771
-0.084798814305676
-0.08478631211463662
-0.0847738071928553
-0.08476129954129784
-0.08474878916094196
-0.0847362760528139
-0.08472376021795183
-0.08471124165739399
-0.08469872037217877
-0.0846861963633442
-0.0846736696319287
-0.08466114017897045
-0.08464860800550757
-0.08463607311257847
-0.08462353550122141
-0.08461099517247446
-0.08459845212737602
-0.08458590636696427
-0.0845733578922774
-0.08456080670435376
-0.0845482528042315
-0.08453569619294896
-0.08452313687154424
-0.0845105748410557
-0.08449801010252157
-0.0844854426569801
-0.08447287250546952
-0.08446029964902795
-0.08444772408869383
-0.08443514582550529
-0.08442256486050058
-0.08440998119471797
-0.08439739482919564
-0.08438480576497193
-0.08437221400308499
-0.08435961954457316
-0.08434702239047459
-0.08433442254182758
-0.08432181999967037
-0.08430921476504118
-0.08429660683897822
-0.08428399622251978
-0.08427138291670408
-0.08425876692256945
-0.08424614824115395
-0.08423352687349607
-0.08422090282063383
-0.0842082760836056
-0.08419564666344943
-0.08418301456120386
-0.08417037977790691
-0.08415774231459702
-0.08414510217231218
-0.08413245935209072
-0.08411981385497096
-0.08410716568199114
-0.08409451483418953
-0.08408186131260421
-0.08406920511827355
-0.08405654625223581
-0.08404388471552908
-0.08403122050919179
-0.084018553634262
-0.08400588409177823
-0.08399321188277838
-0.08398053700830097
-0.08396785946938405
-0.08395517926706603
-0.08394249640238499
-0.08392981087637927
-0.08391712269008708
-0.08390443184454668
-0.08389173834079632
-0.08387904217987419
-0.08386634336281863
-0.08385364189066781
-0.08384093776445987
-0.08382823098523332
-0.08381552155402615
-0.08380280947187671
-0.08379009473982331
-0.083777377358904
-0.08376465733015724
-0.08375193465462114
-0.08373920933333401
-0.08372648136733402
-0.08371375075765942
-0.08370101750534853
-0.08368828161143946
-0.08367554307697064
-0.08366280190298021
-0.08365005809050628
-0.0836373116405873
-0.08362456255426143
-0.08361181083256693
-0.08359905647654209
-0.08358629948722499
-0.08357353986565398
-0.08356077761286736
-0.08354801272990324
-0.08353524521780004
-0.0835224750775958
-0.0835097023103289
-0.08349692691703753
-0.08348414889875991
-0.08347136825653435
-0.08345858499139902
-0.08344579910439223
-0.0834330105965522
-0.08342021946891717
-0.08340742572252531
-0.083394629358415
-0.08338183037762438
-0.08336902878119172
-0.0833562245701553
-0.0833434177455533
-0.08333060830842394
-0.08331779625980555
-0.08330498160073636
-0.0832921643322546
-0.08327934445539847
-0.08326652197120626
-0.08325369688071613
-0.08324086918496648
-0.08322803888499546
-0.08321520598184125
-0.08320237047654219
-0.08318953237013646
-0.08317669166366236
-0.08316384835815807
-0.08315100245466184
-0.08313815395421201
-0.08312530285784668
-0.08311244916660421
-0.08309959288152274
-0.08308673400364064
-0.08307387253399598
-0.08306100847362718
-0.08304814182357242
-0.0830352725848699
-0.08302240075855784
-0.08300952634567459
-0.08299664934725834
-0.08298376976434725
-0.08297088759797966
-0.08295800284919388
-0.08294511551902796
-0.08293222560852032
-0.08291933311870901
-0.0829064380506325
-0.08289354040532886
-0.08288064018383644
-0.08286773738719344
-0.08285483201643806
-0.08284192407260862
-0.0828290135567433
-0.08281610046988033
-0.08280318481305805
-0.08279026658731466
-0.08277734579368833
-0.08276442243321731
-0.08275149650694
-0.08273856801589444
-0.08272563696111902
-0.08271270334365195
-0.08269976716453141
-0.08268682842479565
-0.08267388712548297
-0.08266094326763156
-0.08264799685227973
-0.08263504788046568
-0.08262209635322759
-0.08260914227160385
-0.08259618563663255
-0.08258322644935201
-0.08257026471080046
-0.08255730042201619
-0.08254433358403737
-0.08253136419790225
-0.08251839226464915
-0.08250541778531618
-0.08249244076094167
-0.08247946119256389
-0.082466479081221
-0.08245349442795133
-0.08244050723379305
-0.0824275174997844
-0.08241452522696369
-0.08240153041636908
-0.08238853306903893
-0.08237553318601136
-0.08236253076832463
-0.08234952581701704
-0.08233651833312683
-0.08232350831769217
-0.0823104957717514
-0.08229748069634273
-0.08228446309250428
-0.08227144296127446
-0.08225842030369149
-0.0822453951207935
-0.08223236741361883
-0.08221933718320577
-0.08220630443059243
-0.08219326915681704
-0.08218023136291801
-0.08216719104993343
-0.08215414821890166
-0.08214110287086084
-0.08212805500684928
-0.08211500462790515
-0.0821019517350668
-0.08208889632937236
-0.08207583841186007
-0.08206277798356834
-0.08204971504553522
-0.08203664959879908
-0.08202358164439807
-0.0820105111833705
-0.08199743821675456
-0.08198436274558858
-0.08197128477091072
-0.08195820429375925
-0.08194512131517233
-0.08193203583618837
-0.0819189478578455
-0.08190585738118199
-0.08189276440723604
-0.08187966893704592
-0.08186657097164993
-0.08185347051208626
-0.08184036755939311
-0.08182726211460882
-0.08181415417877154
-0.0818010437529196
-0.08178793083809116
-0.08177481543532451
-0.08176169754565796
-0.08174857717012954
-0.08173545430977759
-0.08172232896564055
-0.08170920113875643
-0.08169607083016357
-0.08168293804090011
-0.08166980277200442
-0.08165666502451467
-0.08164352479946912
-0.08163038209790607
-0.08161723692086367
-0.0816040892693802
-0.08159093914449386
-0.081577786547243
-0.08156463147866577
-0.0815514739398004
-0.08153831393168522
-0.08152515145535841
-0.08151198651185822
-0.08149881910222291
-0.08148564922749073
-0.08147247688869987
-0.08145930208688863
-0.08144612482309523
-0.08143294509835787
-0.08141976291371483
-0.0814065782702044
-0.08139339116886482
-0.08138020161073418
-0.08136700959685088
-0.08135381512825313
-0.08134061820597922
-0.08132741883106727
-0.08131421700455549
-0.08130101272748234
-0.08128780600088586
-0.08127459682580439
-0.08126138520327617
-0.08124817113433942
-0.08123495462003237
-0.08122173566139332
-0.08120851425946046
-0.08119529041527201
-0.08118206412986625
-0.08116883540428145
-0.08115560423955584
-0.08114237063672755
-0.081129134596835
-0.08111589612091633
-0.08110265521000982
-0.08108941186515363
-0.08107616608738615
-0.08106291787774549
-0.0810496672372699
-0.08103641416699765
-0.08102315866796712
-0.08100990074121632
-0.08099664038778362
-0.08098337760870729
-0.08097011240502547
-0.08095684477777647
-0.08094357472799855
-0.08093030225672991
-0.08091702736500876
-0.08090375005387344
-0.08089047032436215
-0.0808771881775131
-0.0808639036143645
-0.08085061663595473
-0.08083732724332188
-0.0808240354375043
-0.08081074121954022
-0.0807974445904678
-0.08078414555132535
-0.08077084410315115
-0.0807575402469833
-0.08074423398386019
-0.08073092531482003
-0.08071761424090101
-0.08070430076314138
-0.08069098488257948
-0.0806776666002534
-0.08066434591720152
-0.08065102283446199
-0.08063769735307309
-0.08062436947407305
-0.08061103919850009
-0.08059770652739257
-0.08058437146178855
-0.08057103400272642
-0.08055769415124436
-0.08054435190838062
-0.08053100727517346
-0.0805176602526611
-0.08050431084188177
-0.0804909590438737
-0.08047760485967523
-0.08046424829032453
-0.08045088933685975
-0.08043752800031934
-0.08042416428174139
-0.0804107981821642
-0.080397429702626
-0.08038405884416501
-0.0803706856078195
-0.08035730999462773
-0.08034393200562788
-0.08033055164185825
-0.08031716890435707
-0.08030378379416259
-0.080290396312313
-0.08027700645984656
-0.08026361423780161
-0.08025021964721624
-0.08023682268912878
-0.08022342336457747
-0.08021002167460052
-0.08019661762023629
-0.08018321120252284
-0.08016980242249852
-0.08015639128120149
-0.08014297777967012
-0.08012956191894258
-0.08011614370005715
-0.08010272312405196
-0.0800893001919654
-0.08007587490483559
-0.08006244726370092
-0.08004901726959943
-0.08003558492356952
-0.08002215022664938
-0.08000871317987726
-0.07999527378429136
-0.07998183204093007
-0.07996838795083144
-0.07995494151503385
-0.07994149273457543
-0.07992804161049451
-0.0799145881438293
-0.07990113233561799
-0.07988767418689903
-0.0798742136987104
-0.07986075087209048
-0.07984728570807746
-0.07983381820770968
-0.07982034837202524
-0.07980687620206249
-0.07979340169885962
-0.07977992486345485
-0.07976644569688654
-0.07975296420019277
-0.0797394803744119
-0.07972599422058217
-0.07971250573974173
-0.07969901493292893
-0.07968552180118198
-0.07967202634553909
-0.07965852856703849
-0.07964502846671846
-0.07963152604561728
-0.07961802130477307
-0.07960451424522422
-0.07959100486800884
-0.07957749317416525
-0.07956397916473172
-0.07955046284074645
-0.07953694420324763
-0.07952342325327356
-0.07950989999186253
-0.07949637442005267
-0.07948284653888235
-0.07946931634938971
-0.07945578385261301
-0.07944224904959046
-0.07942871194136045
-0.07941517252896106
-0.07940163081343059
-0.07938808679580733
-0.07937454047712945
-0.07936099185843523
-0.0793474409407629
-0.07933388772515074
-0.07932033221263692
-0.07930677440425972
-0.07929321430105743
-0.07927965190408717
-0.07926608721448193
-0.07925252023339364
-0.07923895096197422
-0.07922537940137558
-0.07921180555274968
-0.07919822941724843
-0.0791846509960237
-0.07917107029022744
-0.07915748730101159
-0.07914390202952803
-0.07913031447692878
-0.07911672464436567
-0.07910313253299056
-0.07908953814395554
-0.07907594147841242
-0.07906234253751313
-0.07904874132240959
-0.07903513783425377
-0.0790215320741976
-0.07900792404339255
-0.0789943137429891
-0.07898070117413727
-0.07896708633798698
-0.07895346923568833
-0.07893984986839137
-0.07892622823724608
-0.07891260434340248
-0.07889897818801063
-0.07888534977222053
-0.07887171909718217
-0.0788580861640457
-0.07884445097396099
-0.07883081352807819
-0.07881717382754726
-0.07880353187351817
-0.07878988766714105
-0.07877624120956596
-0.07876259250194274
-0.0787489415454216
-0.07873528834115254
-0.07872163289028539
-0.07870797519397044
-0.07869431525335761
-0.07868065306959689
-0.07866698864383827
-0.07865332197723188
-0.07863965307092774
-0.07862598192607576
-0.07861230854382609
-0.0785986329253287
-0.0785849550717336
-0.07857127498419084
-0.07855759266385041
-0.07854390811186246
-0.07853022132937684
-0.0785165323175437
-0.07850284107751299
-0.0784891476104348
-0.07847545191745914
-0.078461753999736
-0.07844805385841537
-0.07843435149464736
-0.07842064690958195
-0.07840694010436926
-0.07839323108015911
-0.0783795198381017
-0.07836580637934702
-0.07835209070504509
-0.07833837281634588
-0.07832465271439955
-0.07831093040035594
-0.0782972058753652
-0.07828347914057734
-0.07826975019714234
-0.0782560190462103
-0.07824228568893116
-0.07822855012645503
-0.07821481235993187
-0.07820107239051172
-0.0781873302193446
-0.07817358584758058
-0.0781598392763696
-0.07814609050686178
-0.07813233954020708
-0.07811858637755557
-0.0781048310200572
-0.07809107346886211
-0.0780773137251202
-0.0780635517899816
-0.07804978766459635
-0.07803602135011437
-0.0780222528476857
-0.07800848215846039
-0.07799470928358858
-0.07798093422422012
-0.0779671569815051
-0.07795337755659355
-0.07793959595063552
-0.07792581216478096
-0.07791202620018
-0.07789823805798257
-0.07788444773933877
-0.07787065524539859
-0.07785686057731205
-0.07784306373622916
-0.0778292647233
-0.07781546353967461
-0.07780166018650285
-0.07778785466493492
-0.0777740469761208
-0.0777602371212105
-0.07774642510135402
-0.07773261091770138
-0.07771879457145088
-0.07770497606399344
-0.07769115539676809
-0.07767733257121402
-0.07766350758877037
-0.07764968045087625
-0.07763585115897072
-0.07762201971449298
-0.07760818611888219
-0.0775943503735774
-0.0775805124800178
-0.07756667243964237
-0.07755283025389041
-0.07753898592420096
-0.07752513945201313
-0.0775112908387661
-0.07749744008589868
-0.07748358719484845
-0.0774697321670527
-0.07745587500394877
-0.07744201570697395
-0.07742815427756557
-0.07741429071716086
-0.07740042502719713
-0.07738655720911179
-0.07737268726434206
-0.07735881519432526
-0.07734494100049866
-0.07733106468429957
-0.07731718624716534
-0.07730330569053326
-0.07728942301584062
-0.07727553822452464
-0.07726165131802279
-0.07724776229777226
-0.07723387116521038
-0.07721997792177439
-0.07720608256890173
-0.07719218510802957
-0.07717828554059529
-0.07716438386803613
-0.07715048009178949
-0.0771365742132926
-0.07712266623398271
-0.07710875615531682
-0.07709484397883007
-0.0770809297060771
-0.07706701333861272
-0.07705309487799165
-0.07703917432576866
-0.07702525168349848
-0.0770113269527358
-0.07699740013503538
-0.07698347123195198
-0.0769695402450403
-0.07695560717585512
-0.07694167202595112
-0.07692773479688308
-0.07691379549020576
-0.0768998541074738
-0.07688591065024208
-0.07687196512006525
-0.076858017518498
-0.07684406784709517
-0.07683011610741147
-0.07681616230100155
-0.07680220642946947
-0.07678824849461592
-0.0767742884982909
-0.07676032644234436
-0.07674636232862625
-0.07673239615898657
-0.07671842793527527
-0.07670445765934299
-0.07669048533304353
-0.0766765109582313
-0.07666253453676078
-0.07664855607048646
-0.07663457556126269
-0.0766205930109441
-0.07660660842138496
-0.07659262179443975
-0.0765786331319631
-0.07656464243580931
-0.07655064970783286
-0.07653665494988822
-0.07652265816382987
-0.07650865935151223
-0.07649465851478973
-0.07648065565555501
-0.07646665077585242
-0.07645264387776485
-0.07643863496337489
-0.07642462403476516
-0.0764106110940183
-0.07639659614321706
-0.07638257918444391
-0.07636856021978167
-0.07635453925131289
-0.07634051628112026
-0.07632649131128645
-0.07631246434389406
-0.0762984353810258
-0.0762844044247643
-0.07627037147719218
-0.07625633654039207
-0.07624229961644677
-0.07622826070743868
-0.07621421981545075
-0.0762001769425654
-0.07618613209086532
-0.07617208526243326
-0.07615803645935178
-0.07614398568370358
-0.0761299329375713
-0.07611587822303749
-0.076101821542185
-0.07608776289709632
-0.07607370228985422
-0.07605963972254122
-0.0760455751972401
-0.07603150871603334
-0.0760174402810038
-0.07600336989423383
-0.075989297557806
-0.0759752232738028
-0.0759611470443068
-0.0759470688714004
-0.07593298875716623
-0.07591890670368666
-0.0759048227130444
-0.07589073678732178
-0.07587664892860133
-0.07586255913899975
-0.07584846742077
-0.07583437377619912
-0.07582027820757424
-0.0758061807171825
-0.07579208130731152
-0.07577797998025085
-0.07576387673829067
-0.07574977158372116
-0.0757356645188324
-0.07572155554591459
-0.07570744466725786
-0.07569333188515234
-0.07567921720188814
-0.07566510061975547
-0.07565098214104445
-0.07563686176804524
-0.07562273950304793
-0.07560861534834269
-0.07559448930621963
-0.075580361378969
-0.07556623156888083
-0.07555209987824538
-0.07553796630935264
-0.07552383086449284
-0.07550969354595614
-0.07549555435603265
-0.07548141329708666
-0.07546727037177857
-0.07545312558284308
-0.07543897893301484
-0.0754248304250284
-0.07541068006161841
-0.07539652784551946
-0.07538237377946624
-0.0753682178661932
-0.07535406010843511
-0.07533990050892657
-0.0753257390704021
-0.07531157579559639
-0.07529741068724403
-0.07528324374807964
-0.07526907498083783
-0.07525490438825327
-0.07524073197306043
-0.0752265577379941
-0.07521238168578884
-0.07519820381917917
-0.07518402414089982
-0.07516984265368533
-0.0751556593602704
-0.0751414742633895
-0.0751272873657774
-0.07511309867016867
-0.07509890817929785
-0.07508471589589961
-0.07507052182270865
-0.07505632596245938
-0.07504212831795237
-0.07502792889225104
-0.07501372768848467
-0.07499952470978262
-0.07498531995927409
-0.07497111344008844
-0.07495690515535484
-0.07494269510820262
-0.07492848330176108
-0.07491426973915945
-0.07490005442352704
-0.07488583735799319
-0.0748716185456871
-0.07485739798973808
-0.07484317569327534
-0.07482895165942827
-0.07481472589132608
-0.0748004983920981
-0.07478626916487356
-0.0747720382127818
-0.07475780553895202
-0.07474357114651355
-0.07472933503859563
-0.07471509721832763
-0.07470085768883873
-0.07468661645325829
-0.0746723735147155
-0.07465812887633974
-0.0746438825412602
-0.07462963451260626
-0.07461538479350702
-0.074601133387092
-0.07458688029649028
-0.07457262552483128
-0.07455836907524416
-0.07454411095085832
-0.07452985115480294
-0.07451558969020732
-0.0745013265602008
-0.07448706176791259
-0.07447279531647202
-0.07445852720900833
-0.07444425744865085
-0.07442998603852881
-0.07441571298177149
-0.0744014382815082
-0.07438716194086822
-0.0743728839629808
-0.07435860435097522
-0.07434432310798081
-0.0743300402371268
-0.07431575574154249
-0.07430146962435717
-0.07428718188870011
-0.07427289253770056
-0.07425860157448783
-0.07424430900219123
-0.07423001482393993
-0.07421571904286337
-0.07420142166209073
-0.07418712268475126
-0.07417282211397433
-0.07415851995288916
-0.07414421620462504
-0.07412991087231126
-0.07411560395907708
-0.07410129546805178
-0.0740869854023647
-0.07407267376514506
-0.07405836055952213
-0.07404404578862525
-0.07402972945558368
-0.07401541156352662
-0.07400109211558345
-0.0739867711148834
-0.07397244856455577
-0.07395812446772983
-0.07394379882753489
-0.07392947164710018
-0.07391514292955496
-0.07390081267802866
-0.07388648089565039
-0.07387214758554948
-0.0738578127508552
-0.07384347639469693
-0.07382913852020383
-0.0738147991305052
-0.07380045822873038
-0.07378611581800856
-0.07377177190146915
-0.07375742648228267
-0.07374307956378595
-0.07372873114935685
-0.07371438124237335
-0.07370002984621354
-0.07368567696427679
-0.07367132260004783
-0.07365696675703277
-0.07364260943873775
-0.07362825064866896
-0.07361389039033242
-0.07359952866723435
-0.0735851654828808
-0.07357080084077784
-0.07355643474443178
-0.07354206719734854
-0.07352769820303438
-0.07351332776499536
-0.07349895588673765
-0.07348458257176725
-0.07347020782359047
-0.07345583164571332
-0.07344145404164187
-0.07342707501488238
-0.0734126945689409
-0.07339831270732355
-0.07338392943353649
-0.07336954475108576
-0.07335515866347753
-0.07334077117421799
-0.07332638228681317
-0.07331199200476923
-0.07329760033159231
-0.07328320727078852
-0.07326881282586392
-0.07325441700032469
-0.07324001979767697
-0.07322562122142687
-0.0732112212750805
-0.07319681996214401
-0.07318241728612346
-0.07316801325052508
-0.07315360785885489
-0.07313920111461908
-0.07312479302132366
-0.07311038358247496
-0.07309597280157888
-0.07308156068214167
-0.07306714722766942
-0.07305273244166822
-0.07303831632764435
-0.07302389888910374
-0.07300948012955254
-0.07299506005249697
-0.07298063866144311
-0.0729662159598971
-0.072951791951365
-0.07293736663935294
-0.07292294002736711
-0.07290851211891357
-0.07289408291749855
-0.07287965242662803
-0.07286522064984216
-0.0728507875908167
-0.07283635325326156
-0.0728219176408864
-0.07280748075740105
-0.0727930426065153
-0.07277860319193895
-0.0727641625173817
-0.07274972058655339
-0.0727352774031638
-0.07272083297092269
-0.07270638729353986
-0.07269194037472507
-0.07267749221818813
-0.07266304282763876
-0.07264859220678678
-0.072634140359342
-0.07261968728901415
-0.07260523299951305
-0.07259077749454847
-0.07257632077783017
-0.0725618628530679
-0.07254740372397153
-0.0725329433942508
-0.07251848186761548
-0.07250401914777531
-0.07248955523844017
-0.07247509014331971
-0.07246062386612385
-0.0724461564105623
-0.07243168778034483
-0.07241721797922285
-0.07240274701111393
-0.07238827487997754
-0.0723738015897729
-0.0723593271444592
-0.07234485154799584
-0.07233037480434204
-0.0723158969174571
-0.0723014178913003
-0.07228693772983091
-0.07227245643700829
-0.07225797401679158
-0.07224349047314021
-0.07222900581001346
-0.07221452003137047
-0.07220003314117066
-0.07218554514337328
-0.07217105604193752
-0.07215656584082278
-0.0721420745439883
-0.07212758215539344
-0.07211308867899734
-0.07209859411875937
-0.07208409847863881
-0.07206960176259493
-0.07205510397458707
-0.07204060511857437
-0.07202610519851628
-0.072011604218372
-0.07199710218210076
-0.07198259909366198
-0.07196809495701487
-0.07195358977611871
-0.07193908355493275
-0.07192457629741635
-0.07191006800752878
-0.07189555868922924
-0.07188104834647711
-0.07186653698323159
-0.07185202460347585
-0.07183751121128788
-0.07182299681076956
-0.07180848140602274
-0.07179396500114925
-0.07177944760025097
-0.07176492920742979
-0.07175040982678751
-0.07173588946242596
-0.07172136811844709
-0.07170684579895262
-0.07169232250804454
-0.07167779824982459
-0.07166327302839468
-0.0716487468478567
-0.07163421971231242
-0.07161969162586368
-0.07160516259261249
-0.07159063261666057
-0.07157610170210975
-0.07156156985306193
-0.07154703707361904
-0.07153250336788279
-0.0715179687399551
-0.07150343319393784
-0.07148889673393281
-0.07147435936404199
-0.0714598210883671
-0.07144528191101002
-0.07143074183607266
-0.07141620086765677
-0.0714016590098643
-0.07138711626679708
-0.07137257264255692
-0.07135802814124577
-0.07134348276696538
-0.0713289365238176
-0.07131438941590433
-0.07129984144732744
-0.07128529262218876
-0.07127074294459017
-0.07125619241863347
-0.07124164104842053
-0.0712270888380532
-0.07121253579163334
-0.07119798191326285
-0.07118342720704346
-0.07116887167707724
-0.07115431532746576
-0.07113975816231113
-0.07112520018571501
-0.07111064140177939
-0.07109608181460608
-0.07108152142829688
-0.07106696024695364
-0.07105239827467837
-0.07103783551557272
-0.07102327197373869
-0.07100870765327805
-0.07099414255829267
-0.07097957669288436
-0.07096501006115512
-0.07095044266720672
-0.07093587451514095
-0.07092130560905972
-0.07090673595306486
-0.07089216555125828
-0.07087759440774176
-0.07086302252661718
-0.07084844991198641
-0.07083387656795127
-0.07081930249861368
-0.07080472770807544
-0.07079015220043837
-0.07077557597980441
-0.07076099905027536
-0.07074642141595312
-0.07073184308093941
-0.0707172640493362
-0.07070268432524535
-0.07068810391276865
-0.07067352281600801
-0.07065894103906527
-0.07064435858604226
-0.07062977546104084
-0.07061519166816287
-0.07060060721151017
-0.07058602209518465
-0.07057143632328815
-0.07055684989992246
-0.07054226282918953
-0.07052767511519119
-0.07051308676202916
-0.07049849777380549
-0.07048390815462192
-0.07046931790858034
-0.0704547270397826
-0.07044013555233049
-0.07042554345032592
-0.07041095073787078
-0.07039635741906689
-0.07038176349801603
-0.07036716897882019
-0.07035257386558108
-0.07033797816240064
-0.07032338187338076
-0.07030878500262323
-0.0702941875542299
-0.07027958953230264
-0.07026499094094327
-0.0702503917842537
-0.07023579206633569
-0.07022119179129124
-0.07020659096322211
-0.07019198958623013
-0.07017738766441724
-0.07016278520188517
-0.07014818220273587
-0.07013357867107115
-0.0701189746109929
-0.07010437002660294
-0.07008976492200317
-0.07007515930129535
-0.07006055316858141
-0.07004594652796323
-0.07003133938354256
-0.07001673173942133
-0.07000212359970137
-0.06998751496848452
-0.06997290584987269
-0.06995829624796768
-0.06994368616687134
-0.06992907561068555
-0.06991446458351214
-0.06989985308945293
-0.06988524113260987
-0.06987062871708476
-0.06985601584697947
-0.06984140252639578
-0.0698267887594356
-0.06981217455020083
-0.06979755990279324
-0.06978294482131472
-0.06976832930986715
-0.06975371337255235
-0.06973909701347215
-0.06972448023672846
-0.06970986304642302
-0.06969524544665787
-0.06968062744153472
-0.06966600903515545
-0.06965139023162192
-0.06963677103503602
-0.0696221514494995
-0.06960753147911436
-0.06959291112798234
-0.06957829040020533
-0.06956366929988521
-0.06954904783112378
-0.06953442599802291
-0.06951980380468452
-0.06950518125521031
-0.06949055835370228
-0.06947593510426221
-0.06946131151099201
-0.0694466875779935
-0.0694320633093685
-0.06941743870921889
-0.06940281378164655
-0.06938818853075326
-0.06937356296064096
-0.06935893707541148
-0.06934431087916662
-0.06932968437600823
-0.06931505757003831
-0.06930043046535851
-0.06928580306607084
-0.06927117537627706
-0.06925654740007905
-0.06924191914157869
-0.06922729060487783
-0.06921266179407828
-0.06919803271328188
-0.06918340336659058
-0.06916877375810616
-0.06915414389193048
-0.06913951377216539
-0.06912488340291274
-0.06911025278827447
-0.06909562193235225
-0.06908099083924811
-0.06906635951306384
-0.06905172795790124
-0.06903709617786226
-0.06902246417704865
-0.06900783195956235
-0.06899319952950517
-0.06897856689097895
-0.06896393404815426
-0.06894930100547639
-0.06893466776745914
-0.06892003433861653
-0.06890540072346239
-0.06889076692651075
-0.06887613295227549
-0.06886149880527054
-0.06884686449000985
-0.06883223001100724
-0.06881759537277675
-0.06880296057983225
-0.0687883256366877
-0.068773690547857
-0.06875905531785406
-0.06874441995119279
-0.0687297844523872
-0.06871514882595117
-0.06870051307639854
-0.06868587720824336
-0.0686712412259995
-0.06865660513418087
-0.06864196893730147
-0.06862733263987507
-0.06861269624641575
-0.06859805976143733
-0.06858342318945386
-0.06856878653497911
-0.0685541498025271
-0.06853951299661172
-0.06852487612174692
-0.0685102391824466
-0.0684956021832247
-0.06848096512859517
-0.06846632802307184
-0.06845169087116874
-0.06843705367739976
-0.06842241644627878
-0.06840777918231979
-0.06839314189003667
-0.06837850457394337
-0.06836386723855381
-0.06834922988838188
-0.06833459252794154
-0.06831995516174674
-0.06830531779431134
-0.06829068043014928
-0.06827604307377456
-0.06826140572970099
-0.0682467684024426
-0.0682321310965132
-0.06821749381642683
-0.06820285656669735
-0.06818821935183869
-0.06817358217636475
-0.06815894504478952
-0.0681443079616269
-0.06812967093139079
-0.06811503395859136
-0.06810039704772389
-0.06808576020327972
-0.06807112342975037
-0.06805648673162724
-0.06804185011340191
-0.06802721357961346
-0.06801257713499222
-0.0679979407843161
-0.06798330453236322
-0.06796866838391158
-0.06795403234373919
-0.06793939641662407
-0.06792476060734418
-0.0679101249206776
-0.06789548936140234
-0.06788085393429634
-0.0678662186441377
-0.06785158349570444
-0.06783694849377454
-0.06782231364312599
-0.06780767894853684
-0.06779304441478509
-0.06777841004664882
-0.06776377584890594
-0.06774914182633454
-0.06773450798371261
-0.06771987432581814
-0.06770524085742921
-0.06769060758332376
-0.06767597450827986
-0.06766134163707549
-0.06764670897448868
-0.0676320765252975
-0.06761744429427988
-0.06760281228621387
-0.06758818050587752
-0.06757354895804873
-0.0675589176475057
-0.06754428657902622
-0.06752965575731115
-0.06751502518675152
-0.06750039487166119
-0.06748576481635399
-0.06747113502514367
-0.06745650550234406
-0.06744187625226895
-0.06742724727923216
-0.0674126185875475
-0.06739799018152877
-0.06738336206548973
-0.06736873424374423
-0.06735410672060604
-0.06733947950038902
-0.0673248525874069
-0.06731022598597354
-0.06729559970040278
-0.0672809737350083
-0.06726634809410405
-0.06725172278200367
-0.06723709780302108
-0.06722247316147009
-0.06720784886166446
-0.06719322490791803
-0.06717860130454449
-0.06716397805585782
-0.06714935516617165
-0.06713473263979995
-0.06712011048105644
-0.06710548869425491
-0.06709086728370915
-0.06707624625373301
-0.06706162560864033
-0.06704700535274477
-0.0670323854903603
-0.06701776602580066
-0.06700314696337958
-0.06698852830741095
-0.06697391006220857
-0.06695929223208623
-0.06694467482135774
-0.06693005783433686
-0.06691544127533745
-0.06690082514867329
-0.06688620945865813
-0.06687159420960592
-0.06685697940583028
-0.06684236505164519
-0.06682775115136433
-0.06681313770930157
-0.06679852472977069
-0.06678391221708546
-0.0667693001755597
-0.0667546886095073
-0.06674007752324194
-0.06672546692105787
-0.06671085680717052
-0.06669624718577584
-0.06668163806106969
-0.06666702943724798
-0.06665242131850653
-0.0666378137090413
-0.06662320661304807
-0.06660860003472277
-0.06659399397826127
-0.06657938844785949
-0.06656478344771322
-0.06655017898201843
-0.06653557505497096
-0.06652097167076666
-0.06650636883360146
-0.0664917665476712
-0.06647716481717175
-0.066462563646299
-0.06644796303924894
-0.0664333630002173
-0.06641876353339997
-0.0664041646429929
-0.0663895663331919
-0.06637496860819292
-0.06636037147219184
-0.0663457749293844
-0.06633117898396668
-0.06631658364013439
-0.06630198890208353
-0.06628739477400984
-0.06627280126010937
-0.06625820836457784
-0.06624361609161124
-0.0662290244454054
-0.06621443343015619
-0.06619984305005955
-0.0661852533093113
-0.06617066421210734
-0.06615607576264351
-0.06614148796511575
-0.0661269008237199
-0.06611231434265184
-0.06609772852610747
-0.06608314337828262
-0.06606855890337321
-0.06605397510557513
-0.06603939198908425
-0.0660248095580964
-0.06601022781680752
-0.06599564676941354
-0.06598106642011019
-0.06596648677309343
-0.06595190783255911
-0.06593732960270317
-0.06592275208772141
-0.0659081752918098
-0.06589359921916411
-0.0658790238739803
-0.0658644492604542
-0.06584987538278175
-0.06583530224515882
-0.06582072985178115
-0.0658061582068448
-0.06579158731454557
-0.06577701717907936
-0.065762447804642
-0.06574787919542942
-0.06573331135563751
-0.06571874428946207
-0.06570417800109901
-0.0656896124947443
-0.0656750477745937
-0.06566048384484313
-0.06564592070968846
-0.06563135837332561
-0.06561679683995042
-0.06560223611375873
-0.06558767619894652
-0.06557311709970963
-0.06555855882024388
-0.0655440013647452
-0.06552944473740953
-0.06551488894243261
-0.06550033398401034
-0.06548577986633874
-0.06547122659361353
-0.06545667417003069
-0.06544212259978606
-0.06542757188707551
-0.06541302203609492
-0.06539847305104023
-0.0653839249361072
-0.06536937769549178
-0.06535483133338989
-0.0653402858539973
-0.06532574126150997
-0.06531119756012377
-0.0652966547540346
-0.06528211284743823
-0.0652675718445307
-0.06525303174950775
-0.0652384925665653
-0.06522395429989929
-0.06520941695370551
-0.06519488053217988
-0.06518034503951829
-0.06516581047991665
-0.06515127685757066
-0.06513674417667642
-0.06512221244142978
-0.06510768165602644
-0.06509315182466249
-0.0650786229515337
-0.0650640950408359
-0.06504956809676506
-0.06503504212351703
-0.06502051712528774
-0.06500599310627297
-0.06499147007066866
-0.06497694802267064
-0.0649624269664749
-0.06494790690627719
-0.06493338784627345
-0.0649188697906596
-0.06490435274363139
-0.06488983670938478
-0.0648753216921157
-0.06486080769601996
-0.06484629472529342
-0.064831782784132
-0.06481727187673164
-0.06480276200728806
-0.0647882531799973
-0.06477374539905507
-0.06475923866865747
-0.06474473299300015
-0.06473022837627912
-0.06471572482269022
-0.06470122233642937
-0.06468672092169239
-0.0646722205826752
-0.0646577213235737
-0.06464322314858363
-0.06462872606190105
-0.06461423006772178
-0.06459973517024163
-0.06458524137365654
-0.06457074868216237
-0.064556257099955
-0.06454176663123035
-0.0645272772801842
-0.06451278905101254
-0.06449830194791116
-0.064483815975076
-0.06446933113670295
-0.06445484743698784
-0.06444036488006191
-0.06442588346979788
-0.06441140320995747
-0.06439692410411643
-0.06438244615580425
-0.06436796936855035
-0.0643534937458841
-0.064339019291335
-0.06432454600843235
-0.06431007390070564
-0.06429560297165784
-0.06428113322468623
-0.06426666466316167
-0.06425219729045491
-0.06423773110993686
-0.06422326612497836
-0.06420880233895027
-0.06419433975522333
-0.06417987837716856
-0.0641654182081566
-0.06415095925155843
-0.06413650151074483
-0.06412204498908669
-0.06410758968995477
-0.06409313561671995
-0.06407868277275308
-0.06406423116142501
-0.06404978078610651
-0.06403533165016853
-0.06402088375698185
-0.06400643710991732
-0.06399199171234578
-0.06397754756763807
-0.063963104679165
-0.06394866305029742
-0.06393422268440624
-0.0639197835848622
-0.06390534575503623
-0.0638909091982991
-0.0638764739180217
-0.06386203991757482
-0.06384760720032931
-0.06383317576965608
-0.06381874562892591
-0.06380431678150963
-0.0637898892307781
-0.06377546298010214
-0.06376103803285268
-0.06374661439240044
-0.0637321920621163
-0.06371777104537117
-0.06370335134553579
-0.06368893296596684
-0.06367451590996435
-0.06366010018081404
-0.06364568578180177
-0.06363127271621334
-0.06361686098733448
-0.06360245059845096
-0.06358804155284871
-0.06357363385381337
-0.06355922750463082
-0.0635448225085869
-0.06353041886896722
-0.06351601658905777
-0.06350161567214423
-0.06348721612151244
-0.06347281794044818
-0.0634584211322372
-0.0634440257001654
-0.0634296316475185
-0.06341523897758228
-0.06340084769364258
-0.06338645779898512
-0.0633720692968958
-0.06335768219066028
-0.0633432964835645
-0.06332891217889416
-0.06331452927993508
-0.06330014778997299
-0.0632857677122938
-0.06327138905018329
-0.06325701180692711
-0.06324263598581123
-0.06322826159012132
-0.06321388862314324
-0.06319951708816274
-0.06318514698846564
-0.06317077832733772
-0.06315641110806482
-0.06314204533393264
-0.06312768100822705
-0.06311331813423382
-0.06309895671523873
-0.0630845967545276
-0.06307023825538621
-0.06305588122110035
-0.06304152565495584
-0.06302717156023835
-0.06301281894023388
-0.0629984677982281
-0.06298411813750678
-0.06296976996135581
-0.06295542327306086
-0.06294107807590783
-0.0629267343731825
-0.06291239216817054
-0.06289805146415792
-0.06288371226443036
-0.0628693745722736
-0.06285503839097344
-0.06284070372381576
-0.06282637057408631
-0.06281203894507086
-0.06279770884005524
-0.06278338026232523
-0.06276905321516658
-0.06275472770186515
-0.06274040372570668
-0.06272608128997702
-0.0627117603979619
-0.06269744105294714
-0.06268312325821854
-0.06266880701706189
-0.06265449233276298
-0.06264017920860764
-0.0626258676478816
-0.06261155765387066
-0.06259724922986071
-0.06258294237913739
-0.06256863710498665
-0.0625543334106941
-0.06254003129954573
-0.06252573077482718
-0.06251143183982436
-0.06249713449782298
-0.062482838752108874
-0.062468544605967805
-0.06245425206268557
-0.06243996112554802
-0.06242567179784082
-0.06241138408284993
-0.062397097983861054
-0.06238281350415998
-0.06236853064703247
-0.062354249415764416
-0.06233996981364154
-0.06232569184394963
-0.06231141550997454
-0.06229714081500196
-0.062282867762317826
-0.06226859635520777
-0.06225432659695771
-0.06224005849085337
-0.062225792040180625
-0.062211527248225186
-0.06219726411827282
-0.062183002653609425
-0.06216874285752077
-0.06215448473329256
-0.06214022828421067
-0.06212597351356087
-0.06211172042462896
-0.06209746902070073
-0.06208321930506196
-0.06206897128099845
-0.06205472495179606
-0.0620404803207404
-0.06202623739111748
-0.062011996166212974
-0.06199775664931269
-0.06198351884370245
-0.06196928275266797
-0.06195504837949515
-0.061940815727469754
-0.06192658479987749
-0.06191235560000426
-0.061898128131135786
-0.06188390239655793
-0.06186967839955638
-0.06185545614341706
-0.06184123563142561
-0.061827016866868
-0.0618127998530299
-0.06179858459319711
-0.06178437109065547
-0.061770159348690755
-0.06175594937058874
-0.06174174115963524
-0.06172753471911602
-0.06171333005231695
-0.06169912716252373
-0.06168492605302224
-0.061670726727098134
-0.06165652918803734
-0.06164233343912557
-0.06162813948364875
-0.06161394732489248
-0.06159975696614269
-0.061585568410685146
-0.06157138166180557
-0.06155719672278992
-0.061543013596923817
-0.06152883228749313
-0.06151465279778364
-0.06150047513108112
-0.06148629929067136
-0.06147212527984024
-0.06145795310187352
-0.06144378276005689
-0.06142961425767629
-0.06141544759801741
-0.06140128278436602
-0.061387119820007996
-0.06137295870822918
-0.0613587994523152
-0.061344642055552
-0.06133048652122524
-0.061316332852620815
-0.06130218105302452
-0.06128803112572211
-0.061273883073999356
-0.061259736901142045
-0.06124559261043607
-0.06123145020516713
-0.06121730968862107
-0.0612031710640836
-0.06118903433484067
-0.0611748995041779
-0.0611607665753812
-0.061146635551736286
-0.06113250643652903
-0.061118379233045146
-0.061104253944570495
-0.06109013057439086
-0.061076009125791926
-0.061061889602059646
-0.061047772006479706
-0.061033656342337955
-0.061019542612920176
-0.06100543082151214
-0.06099132097139963
-0.060977213065868556
-0.06096310710820447
-0.06094900310169343
-0.06093490104962101
-0.06092080095527312
-0.060906702821935645
-0.06089260665289417
-0.06087851245143467
-0.060864420220842805
-0.06085032996440438
-0.060836241685405294
-0.06082215538713124
-0.06080807107286806
-0.060793988745901535
-0.06077990840951744
-0.06076583006700157
-0.0607517537216398
-0.06073767937671782
-0.06072360703552143
-0.0607095367013365
-0.06069546837744873
-0.06068140206714397
-0.06066733777370801
-0.06065327550042662
-0.060639215250585646
-0.060625157027470865
-0.060611100834367986
-0.0605970466745629
-0.06058299455134135
-0.060568944467989126
-0.06055489642779204
-0.06054085043398299
-0.060526806489583196
-0.06051276459756101
-0.060498724760884665
-0.060484686982522545
-0.06047065126544305
-0.06045661761261433
-0.06044258602700478
-0.060428556511582826
-0.060414529069316644
-0.06040050370317462
-0.060386480416125106
-0.060372459211136355
-0.060358440091176725
-0.06034442305921454
-0.06033040811821814
-0.06031639527115578
-0.0603023845209959
-0.06028837587070673
-0.060274369323256576
-0.06026036488155767
-0.06024636254829754
-0.06023236232610761
-0.06021836421761914
-0.060204368225463746
-0.06019037435227266
-0.060176382600677314
-0.06016239297330912
-0.06014840547279951
-0.06013442010177981
-0.06012043686288143
-0.06010645575873582
-0.0600924767919743
-0.0600784999652283
-0.06006452528112925
-0.06005055274230849
-0.06003658235139746
-0.06002261411102752
-0.06000864802383008
-0.059994684092436516
-0.05998072231947834
-0.059966762707586774
-0.05995280525939328
-0.05993884997752932
-0.059924896864626216
-0.05991094592331541
-0.05989699715622823
-0.059883050565996146
-0.059869106155250505
-0.05985516392662275
-0.05984122388274419
-0.05982728602624633
-0.05981335035976051
-0.059799416885918125
-0.05978548560735059
-0.05977155652668925
-0.059757629646565606
-0.059743704969610886
-0.05972978249845664
-0.05971586223573422
-0.059701944184075005
-0.05968802834611039
-0.059674114724471795
-0.05966020332179058
-0.059646294140698185
-0.059632387183825936
-0.05961848245380534
-0.05960457995326767
-0.05959067968484442
-0.0595767816511669
-0.05956288585486661
-0.059548992298574854
-0.05953510098492304
-0.059521211916542596
-0.059507325096064954
-0.059493440526121405
-0.059479558209343385
-0.05946567814836238
-0.05945180034580967
-0.05943792480431671
-0.05942405152651486
-0.05941018051500557
-0.05939631177227024
-0.05938244530076043
-0.05936858110292755
-0.059354719181223106
-0.05934085953809853
-0.05932700217600529
-0.05931314709739498
-0.05929929430471892
-0.05928544380042859
-0.059271595586975624
-0.05925774966681134
-0.05924390604238723
-0.059230064716085495
-0.05921622569001063
-0.05920238896619787
-0.05918855454668249
-0.05917472243349963
-0.05916089262868466
-0.05914706513427266
-0.059133239952299
-0.0591194170847987
-0.0591055965338072
-0.059091778301359574
-0.0590779623894911
-0.05906414880023698
-0.059050337535632526
-0.05903652859771285
-0.05902272198851323
-0.05900891771006889
-0.05899511576441504
-0.05898131615358692
-0.05896751887961978
-0.05895372394454878
-0.058939931350409175
-0.05892614109923622
-0.058912353193065044
-0.05889856763393105
-0.058884784423869296
-0.058871003564915064
-0.05885722505910355
-0.05884344890847008
-0.05882967511504974
-0.058815903680877864
-0.05880213460798961
-0.05878836789842026
-0.05877460355420496
-0.058760841577379035
-0.058747081969977626
-0.058733324734035974
-0.0587195698715893
-0.058705817384672905
-0.0586920672752618
-0.05867831954509058
-0.058664574195833714
-0.05865083122916565
-0.05863709064676081
-0.05862335245029367
-0.05860961664143866
-0.05859588322187025
-0.058582152193262925
-0.058568423557291006
-0.05855469731562906
-0.05854097346995151
-0.05852725202193276
-0.05851353297324735
-0.0584998163255697
-0.05848610208057415
-0.05847239023993528
-0.05845868080532754
-0.05844497377842524
-0.05843126916090298
-0.05841756695443512
-0.05840386716069619
-0.05839016978136056
-0.0583764748181027
-0.05836278227259709
-0.05834909214651814
-0.05833540444154035
-0.058321719159338106
-0.05830803630158595
-0.0582943558699582
-0.05828067786612943
-0.05826700229177398
-0.0582533291485664
-0.0582396584381811
-0.058225990162292456
-0.0582123243225751
-0.05819866092070328
-0.05818499995835156
-0.05817134143719437
-0.05815768535890613
-0.058144031725161346
-0.05813038053763437
-0.058116731797999706
-0.0581030855079314
-0.05808944166910357
-0.05807580028319027
-0.05806216135186552
-0.05804852487680347
-0.05803489085967816
-0.05802125930216366
-0.05800763020593404
-0.05799400357266328
-0.05798037940402562
-0.057966757701694994
-0.05795313846733516
-0.05793952170256832
-0.05792590740900633
-0.057912295588260936
-0.05789868624194412
-0.05788507937166763
-0.05787147497904334
-0.05785787306568311
-0.057844273633198745
-0.05783067668320209
-0.05781708221730503
-0.057803490237119316
-0.05778990074425691
-0.05777631374032953
-0.05776272922694908
-0.057749147205727415
-0.05773556767827636
-0.05772199064620782
-0.05770841611113349
-0.05769484407466529
-0.0576812745384151
-0.05766770750399474
-0.05765414297301597
-0.05764058094709075
-0.05762702142783088
-0.05761346441684819
-0.05759990991575446
-0.05758635792616169
-0.057572808449681524
-0.05755926148792599
-0.057545717042506814
-0.05753217511503585
-0.05751863570712497
-0.05750509882038602
-0.0574915644564308
-0.05747803261687122
-0.05746450330331905
-0.057450976517386156
-0.057437452260684356
-0.05742393053482551
-0.05741041134142151
-0.0573968946820841
-0.057383380558425255
-0.05736986897205669
-0.05735635992459029
-0.0573428534176379
-0.05732934945281137
-0.057315848031722516
-0.05730234915598324
-0.057288852827205264
-0.05727535904700054
-0.057261867816980894
-0.057248379138758125
-0.057234893013944126
-0.05722140944415065
-0.057207928430989624
-0.057194449976028024
-0.05718097408065325
-0.05716750074620782
-0.05715402997403437
-0.05714056176547552
-0.057127096121873784
-0.05711363304457174
-0.05710017253491194
-0.057086714594237
-0.05707325922388945
-0.05705980642521184
-0.05704635619954681
-0.057032908548236914
-0.05701946347262464
-0.05700602097405271
-0.05699258105386357
-0.05697914371339985
-0.0569657089540041
-0.056952276777018855
-0.05693884718378677
-0.05692542017565041
-0.056911995753952255
-0.056898573920034924
-0.056885154675240995
-0.05687173802091309
-0.05685832395839365
-0.05684491248902538
-0.056831503614150784
-0.05681809733511248
-0.05680469365325296
-0.056791292569894916
-0.05677789408628132
-0.05676449820363518
-0.056751104923179675
-0.056737714246137744
-0.05672432617373241
-0.056710940707186776
-0.05669755784767924
-0.056684177596210084
-0.056670799953734786
-0.056657424921208975
-0.05664405249958824
-0.05663068268982817
-0.05661731549288436
-0.0566039509097124
-0.056590588941267776
-0.05657722958850616
-0.05656387285238319
-0.05655051873385438
-0.05653716723387528
-0.05652381835340156
-0.056510472093388775
-0.056497128454792496
-0.05648378743856833
-0.05647044904567186
-0.05645711327705861
-0.05644378013368428
-0.05643044961650435
-0.05641712172647445
-0.05640379646455018
-0.05639047383168708
-0.05637715382884089
-0.05636383645696697
-0.05635052171702099
-0.05633720960995858
-0.056323900136735355
-0.05631059329830678
-0.056297289095628554
-0.05628398752965621
-0.05627068860134535
-0.05625739231165151
-0.0562440986615303
-0.05623080765193736
-0.05621751928382827
-0.05620423355815851
-0.05619095047588383
-0.05617767003795962
-0.05616439224534167
-0.056151117098985376
-0.056137844599846484
-0.05612457474888048
-0.05611130754704302
-0.056098042995289615
-0.0560847810945759
-0.05607152184585743
-0.05605826525008985
-0.05604501130822862
-0.05603176002122949
-0.05601851139004797
-0.05600526541563961
-0.05599202209896003
-0.055978781440964756
-0.055965543442609476
-0.05595230810484976
-0.05593907542864119
-0.055925845414939286
-0.05591261806469965
-0.05589939337887793
-0.055886171358429645
-0.0558729520043104
-0.05585973531747584
-0.05584652129888145
-0.05583330994948292
-0.05582010127023578
-0.055806895262095584
-0.055793691926017984
-0.05578049126295849
-0.05576729327387276
-0.05575409795971639
-0.05574090532144485
-0.05572771536001384
-0.05571452807637895
-0.05570134347149568
-0.05568816154631967
-0.05567498230180653
-0.05566180573891178
-0.055648631858591015
-0.05563546066179991
-0.05562229214949394
-0.05560912632262874
-0.05559596318215988
-0.055582802729043
-0.05556964496423363
-0.05555648988868736
-0.05554333750335982
-0.055530187809206516
-0.05551704080718311
-0.05550389649824513
-0.05549075488330824
-0.05547761596312803
-0.05546447973842012
-0.05545134620990023
-0.05543821537828402
-0.055425087244287054
-0.05541196180862507
-0.05539883907201368
-0.05538571903516853
-0.05537260169880532
-0.05535948706363968
-0.05534637513038717
-0.05533326589976358
-0.055320159372484475
-0.05530705554926557
-0.055293954430822426
-0.05528085601787077
-0.05526776031112627
-0.05525466731130448
-0.055241577019121135
-0.05522848943529187
-0.05521540456053233
-0.055202322395558154
-0.05518924294108501
-0.055176166197828586
-0.055163092166504425
-0.055150020847828295
-0.0551369522425158
-0.05512388635128262
-0.05511082317484429
-0.05509776271391662
-0.055084704969215144
-0.05507164994145559
-0.055058597631353574
-0.0550455480396248
-0.0550325011669848
-0.05501945701414938
-0.055006415581834056
-0.05499337687075454
-0.05498034088162647
-0.054967307615165516
-0.05495427707208732
-0.05494124925310755
-0.05492822415894183
-0.05491520179030581
-0.05490218214791521
-0.05488916523248554
-0.05487615104473263
-0.054863139585371985
-0.0548501308551193
-0.054837124854690285
-0.05482412158480052
-0.05481112104616571
-0.05479812323950145
-0.05478512816552339
-0.054772135824947284
-0.05475914621848867
-0.054746159346863235
-0.05473317521078667
-0.05472019381097454
-0.054707215148142564
-0.05469423922300641
-0.054681266036281734
-0.054668295588684114
-0.054655327880929194
-0.05464236291373275
-0.05462940068781034
-0.0546164412038776
-0.05460348446265022
-0.05459053046484392
-0.05457757921117419
-0.054564630702356794
-0.054551684939107344
-0.05453874192214152
-0.05452580165217493
-0.0545128641299233
-0.054499929356102234
-0.0544869973314274
-0.054474068056614394
-0.05446114153237889
-0.05444821775943664
-0.054435296738503176
-0.05442237847029417
-0.05440946295552535
-0.05439655019491226
-0.054383640189170614
-0.05437073293901609
-0.05435782844516424
-0.05434492670833081
-0.05433202772923141
-0.054319131508581704
-0.05430623804709736
-0.05429334734549398
-0.05428045940446817
-0.0542675742246399
-0.05425469180661017
-0.054241812150979875
-0.054228935258349986
-0.05421606112932145
-0.0542031897644952
-0.054190321164472116
-0.05417745532985321
-0.05416459226123936
-0.05415173195923156
-0.0541388744244307
-0.054126019657437734
-0.054113167658853586
-0.05410031842927924
-0.054087471969315556
-0.054074628279563566
-0.05406178736062412
-0.05404894921309821
-0.05403611383758675
-0.05402328123469071
-0.054010451405011005
-0.05399762434914853
-0.05398480006770427
-0.05397197856127917
-0.05395915983047414
-0.05394634387589017
-0.05393353069812809
-0.053920720297788924
-0.05390791267547359
-0.05389510783178305
-0.053882305767318193
-0.053869506482679984
-0.05385670997846934
-0.053843916255287255
-0.05383112531373459
-0.05381833715441236
-0.05380555177792142
-0.05379276918486274
-0.05377998937583727
-0.05376721235144599
-0.053754438112289776
-0.05374166665896953
-0.05372889799208628
-0.05371613211224091
-0.05370336902003437
-0.05369060871606757
-0.05367785120094156
-0.05366509647525708
-0.05365234453961525
-0.05363959539461689
-0.05362684904086303
-0.05361410547895456
-0.053601364709492394
-0.053588626733077516
-0.053575891550310804
-0.05356315916179324
-0.053550429568125786
-0.05353770276990932
-0.05352497876774485
-0.05351225756223324
-0.053499539153975456
-0.05348682354357247
-0.05347411073162514
-0.053461400718734474
-0.05344869350550137
-0.053435989092526795
-0.05342328748041171
-0.05341058866975694
-0.053397892661163494
-0.053385199455232374
-0.05337250905256447
-0.05335982145376068
-0.05334713665942197
-0.0533344546701492
-0.05332177548654345
-0.05330909910920556
-0.05329642553873616
-0.0532837547757359
-0.05327108682080547
-0.05325842167454542
-0.053245759337556424
-0.05323309981043915
-0.0532204430937942
-0.05320778918822216
-0.05319513809432371
-0.053182489812699484
-0.05316984434395007
-0.05315720168867619
-0.0531445618474784
-0.053131924820957396
-0.053119290609713724
-0.053106659214348075
-0.053094030635461066
-0.05308140487365333
-0.05306878192952554
-0.05305616180367831
-0.053043544496712204
-0.053030930009227935
-0.053018318341826076
-0.05300570949510729
-0.052993103469672245
-0.05298050026612155
-0.05296789988505578
-0.05295530232707561
-0.05294270759278172
-0.05293011568277467
-0.05291752659765517
-0.052904940338023766
-0.052892356904481116
-0.05287977629762791
-0.052867198518064706
-0.052854623566392187
-0.05284205144321094
-0.05282948214912168
-0.05281691568472492
-0.05280435205062142
-0.052791791247411665
-0.05277923327569642
-0.0527666781360763
-0.05275412582915186
-0.052741576355523796
-0.052729029715792734
-0.052716485910559295
-0.05270394494042413
-0.052691406805987835
-0.05267887150785106
-0.05266633904661443
-0.052653809422878645
-0.05264128263724427
-0.052628758690311896
-0.052616237582682274
-0.052603719314955895
-0.052591203887733515
-0.05257869130161573
-0.05256618155720312
-0.05255367465509645
-0.05254117059589619
-0.05252866938020305
-0.052516171008617676
-0.052503675481740696
-0.05249118280017269
-0.052478692964514365
-0.05246620597536631
-0.05245372183332918
-0.05244124053900358
-0.052428762092990175
-0.05241628649588952
-0.05240381374830237
-0.05239134385082932
-0.05237887680407094
-0.052366412608627885
-0.05235395126510087
-0.05234149277409036
-0.052329037136197146
-0.05231658435202182
-0.052304134422165006
-0.05229168734722727
-0.05227924312780933
-0.05226680176451183
-0.05225436325793532
-0.05224192760868052
-0.05222949481734802
-0.0522170648845384
-0.052204637810852376
-0.052192213596890566
-0.05217979224325359
-0.05216737375054204
-0.05215495811935664
-0.052142545350297914
-0.05213013544396657
-0.052117728400963244
-0.05210532422188852
-0.05209292290734307
-0.05208052445792752
-0.05206812887424244
-0.05205573615688861
-0.05204334630646655
-0.05203095932357686
-0.052018575208820285
-0.05200619396279737
-0.05199381558610881
-0.05198144007935515
-0.05196906744313715
-0.05195669767805532
-0.05194433078471033
-0.05193196676370284
-0.05191960561563348
-0.05190724734110287
-0.05189489194071162
-0.051882539415060394
-0.051870189764749844
-0.05185784299038059
-0.051845499092553225
-0.05183315807186839
-0.05182081992892676
-0.051808484664328934
-0.051796152278675525
-0.05178382277256727
-0.05177149614660462
-0.05175917240138843
-0.05174685153751915
-0.051734533555597435
-0.05172221845622404
-0.051709906239999485
-0.05169759690752445
-0.05168529045939956
-0.05167298689622545
-0.05166068621860271
-0.051648388427132035
-0.05163609352241402
-0.05162380150504931
-0.051611512375638546
-0.05159922613478232
-0.05158694278308133
-0.051574662321136146
-0.05156238474954746
-0.051550110068915855
-0.05153783827984195
-0.05152556938292645
-0.051513303378769984
-0.051501040267973086
-0.05148878005113647
-0.05147652272886074
-0.05146426830174655
-0.05145201677039804
-0.05143976813543339
-0.051427522397474244
-0.051415279557142375
-0.051403039615059445
-0.05139080257184714
-0.05137856842812713
-0.05136633718452114
-0.05135410884165085
-0.051341883400137976
-0.051329660860604205
-0.051317441223671184
-0.05130522448996063
-0.05129301066009431
-0.0512807997346938
-0.05126859171438088
-0.051256386599777166
-0.05124418439150445
-0.0512319850901843
-0.05121978869643816
-0.05120759521088749
-0.05119540463415362
-0.051183216966858014
-0.05117103220962196
-0.051158850363067
-0.051146671427814414
-0.051134495404485635
-0.05112232229370213
-0.05111015209608519
-0.05109798481225629
-0.051085820442836764
-0.051073658988448005
-0.05106150044971151
-0.05104934482724862
-0.05103719212168065
-0.051025042333629166
-0.05101289546371542
-0.05100075151256084
-0.05098861048078688
-0.05097647236901492
-0.05096433717786632
-0.05095220490796247
-0.05094007555992485
-0.050927949134374775
-0.050915825631933656
-0.05090370505322289
-0.05089158739886395
-0.050879472669478155
-0.050867360865686904
-0.05085525198811158
-0.05084314603737363
-0.05083104301409444
-0.050818942918895445
-0.05080684575239795
-0.05079475151522336
-0.05078266020799317
-0.050770571831328715
-0.05075848638585139
-0.05074640387218256
-0.05073432429094373
-0.05072224764275619
-0.05071017392824139
-0.05069810314802069
-0.05068603530271553
-0.050673970392947326
-0.05066190841933739
-0.05064984938250721
-0.05063779328307805
-0.050625740121671474
-0.0506136898989088
-0.05060164261541144
-0.05058959827180071
-0.05057755686869812
-0.05056551840672506
-0.050553482886502896
-0.05054145030865299
-0.05052942067379679
-0.050517393982555656
-0.050505370235551
-0.05049334943340424
-0.05048133157673674
-0.05046931666616994
-0.050457304702325234
-0.05044529568582396
-0.05043328961728756
-0.050421286497337445
-0.05040928632659498
-0.050397289105681566
-0.050385294835218614
-0.05037330351582753
-0.05036131514812968
-0.05034932973274649
-0.05033734727029936
-0.05032536776140966
-0.0503133912066988
-0.0503014176067882
-0.050289446962299214
-0.050277479273853266
-0.050265514542071746
-0.05025355276757608
-0.050241593950987595
-0.05022963809292778
-0.05021768519401796
-0.050205735254879584
-0.05019378827613408
-0.050181844258402664
-0.050169903202306916
-0.05015796510846817
-0.050146029977507854
-0.05013409781004736
-0.05012216860670804
-0.05011024236811131
-0.050098319094878586
-0.05008639878763127
-0.050074481446990705
-0.050062567073578375
-0.05005065566801562
-0.05003874723092381
-0.050026841762924434
-0.05001493926463882
-0.0500030397366848
-0.04999114317966579
-0.049979249594181804
-0.04996735898083269
-0.049955471340218306
-0.049943586672938564
-0.049931704979593323
-0.049919826260782514
-0.04990795051710605
-0.04989607774916373
-0.049884207957555604
-0.0498723411428814
-0.049860477305741134
-0.04984861644673461
-0.04983675856646177
-0.04982490366552249
-0.049813051744516654
-0.04980120280404418
-0.04978935684470491
-0.04977751386709881
-0.04976567387182576
-0.049753836859485624
-0.04974200283067827
-0.04973017178600365
-0.0497183437260616
-0.04970651865145206
-0.049694696562774865
-0.049682877460629986
-0.04967106134561729
-0.04965924821833658
-0.049647438079387846
-0.04963563092937099
-0.04962382676888586
-0.049612025598532346
-0.049600227418910355
-0.0495884322306198
-0.04957664003426053
-0.04956485083043248
-0.04955306461973553
-0.04954128140276952
-0.04952950118013444
-0.04951772395243007
-0.04950594972025641
-0.04949417848421325
-0.04948241024490059
-0.04947064500291827
-0.049458882758866146
-0.04944712351334418
-0.04943536726695222
-0.0494236140202902
-0.04941186377395795
-0.04940011652855539
-0.04938837228468238
-0.049376631042938914
-0.049364892803924754
-0.04935315756823994
-0.04934142533648427
-0.049329696109257616
-0.04931796988715986
-0.04930624667079101
-0.049294526460750915
-0.04928280925763936
-0.04927109506205638
-0.049259383874601784
-0.04924767569587546
-0.04923597052647735
-0.049224268367007294
-0.04921256921806526
-0.04920087308025108
-0.04918917995416464
-0.049177489840405826
-0.04916580273957463
-0.049154118652270845
-0.049142437579094325
-0.04913075952064511
-0.04911908447752299
-0.049107412450327896
-0.04909574343965965
-0.049084077446118195
-0.049072414470303506
-0.049060754512815316
-0.049049097574253665
-0.04903744365521829
-0.049025792756309215
-0.049014144878126296
-0.0490025000212694
-0.04899085818633845
-0.04897921937393331
-0.04896758358465391
-0.048955950819100084
-0.04894432107787184
-0.04893269436156892
-0.0489210706707913
-0.04890945000613886
-0.04889783236821149
-0.04888621775760912
-0.04887460617493157
-0.048862997620778774
-0.04885139209575066
-0.04883978960044701
-0.04882819013546788
-0.04881659370141301
-0.04880500029888234
-0.0487934099284758
-0.04878182259079326
-0.048770238286434626
-0.048758657015999726
-0.048747078780088535
-0.048735503579300926
-0.04872393141423674
-0.04871236228549597
-0.04870079619367837
-0.048689233139383975
-0.048677673123212556
-0.048666116145764084
-0.048654562207638447
-0.0486430113094355
-0.04863146345175513
-0.048619918635197296
-0.048608376860361825
-0.04859683812784859
-0.04858530243825762
-0.04857376979218865
-0.04856224019024166
-0.04855071363301648
-0.04853919012111308
-0.048527669655131334
-0.048516152235671045
-0.04850463786333223
-0.04849312653871849
-0.04848161826244892
-0.04847011303514619
-0.04845861085743315
-0.048447111729932504
-0.048435615653267095
-0.04842412262805972
-0.04841263265493316
-0.048401145734510154
-0.04838966186741346
-0.04837818105426585
-0.04836670329569012
-0.048355228592309056
-0.04834375694474538
-0.04833228835362188
-0.04832082281956133
-0.048309360343186517
-0.04829790092512019
-0.04828644456598925
-0.04827499126643686
-0.0482635410271105
-0.0482520938486575
-0.04824064973172517
-0.048229208676960934
-0.04821777068501211
-0.048206335756526136
-0.048194903892150295
-0.048183475092531965
-0.048172049358318585
-0.0481606266901574
-0.04814920708869579
-0.04813779055458121
-0.048126377088460966
-0.048114966690982405
-0.04810355936279287
-0.04809215510453979
-0.048080753916870486
-0.04806935580043234
-0.04805796075587267
-0.04804656878383891
-0.048035179884978345
-0.04802379405993842
-0.04801241130936644
-0.048001031633909765
-0.04798965503421578
-0.04797828151093186
-0.04796691106470532
-0.047955543696183545
-0.04794417940601394
-0.047932818194843824
-0.04792146006332056
-0.047910105012091496
-0.04789875304180405
-0.047887404153105516
-0.047876058346643276
-0.04786471562306477
-0.04785337598301724
-0.04784203942714812
-0.04783070595610477
-0.0478193755705345
-0.04780804827108478
-0.047796724058402844
-0.04778540293313613
-0.04777408489593199
-0.04776276994743779
-0.04775145808830088
-0.04774014931916864
-0.0477288436406884
-0.04771754105350753
-0.047706241558273424
-0.04769494515563339
-0.047683651846234854
-0.047672361630725156
-0.047661074509751634
-0.047649790483961674
-0.047638509554002645
-0.04762723172052186
-0.04761595698416678
-0.04760468534558463
-0.04759341680542288
-0.04758215136432887
-0.047570889022949946
-0.047559629781933496
-0.04754837364192684
-0.04753712060357734
-0.04752587066753244
-0.04751462383443941
-0.047503380104945626
-0.047492139479698506
-0.04748090195934537
-0.047469667544533585
-0.047458436235910506
-0.0474472080341235
-0.04743598293981996
-0.04742476095364721
-0.04741354207625259
-0.04740232630828358
-0.04739111365038741
-0.047379904103211495
-0.04736869766740323
-0.0473574943436099
-0.04734629413247891
-0.04733509703465763
-0.04732390305079342
-0.047312712181533656
-0.04730152442752566
-0.0472903397894168
-0.04727915826785445
-0.04726797986348602
-0.04725680457695882
-0.04724563240892021
-0.04723446336001758
-0.04722329743089828
-0.04721213462220962
-0.04720097493459905
-0.04718981836871391
-0.047178664925201494
-0.04716751460470924
-0.04715636740788451
-0.04714522333537465
-0.04713408238782696
-0.047122944565888905
-0.04711180987020778
-0.04710067830143096
-0.04708954986020796
-0.047078424547196615
-0.04706730236305695
-0.04705618330844895
-0.047045067384032656
-0.047033954590468066
-0.04702284492841514
-0.047011738398533905
-0.04700063500148438
-0.04698953473792537
-0.046978437608511045
-0.04696734361389437
-0.04695625275472833
-0.04694516503166586
-0.04693408044536
-0.046922998996463725
-0.04691192068563001
-0.04690084551351175
-0.04688977348076201
-0.04687870458803377
-0.046867638835979934
-0.04685657622525358
-0.04684551675650756
-0.046834460430394964
-0.04682340724756873
-0.0468123572086818
-0.0468013103143872
-0.046790266565337926
-0.04677922596218689
-0.0467681885055871
-0.046757154196191524
-0.046746123034656625
-0.04673509502165285
-0.046724070157853966
-0.04671304844393384
-0.046702029880566445
-0.04669101446842549
-0.046680002208184954
-0.04666899310051866
-0.04665798714610044
-0.046646984345604235
-0.0466359846997038
-0.04662498820907311
-0.046613994874385965
-0.04660300469631622
-0.0465920176755378
-0.046581033812724514
-0.04657005310855026
-0.046559075563688844
-0.04654810117881415
-0.046537129954600104
-0.04652616189172047
-0.04651519699084916
-0.046504235252660085
-0.04649327667782814
-0.046482321267032695
-0.04647136902095411
-0.04646041994027293
-0.04644947402566948
-0.04643853127782429
-0.0464275916974177
-0.04641665528513019
-0.04640572204164218
-0.04639479196763411
-0.04638386506378639
-0.046372941330779516
-0.04636202076929382
-0.046351103380009806
-0.04634018916360777
-0.04632927812076817
-0.04631837025217127
-0.046307465558497546
-0.04629656404042728
-0.04628566569864078
-0.04627477053381858
-0.04626387854664093
-0.0462529897377882
-0.04624210410794076
-0.04623122165777899
-0.04622034238798325
-0.046209466299233885
-0.0461985933922113
-0.04618772366759579
-0.04617685712606776
-0.04616599376830762
-0.046155133594995644
-0.046144276606812216
-0.046133422804437774
-0.04612257218855259
-0.04611172475983711
-0.046100880518971675
-0.04609003946663657
-0.04607920160351227
-0.04606836693027901
-0.04605753544761728
-0.04604670715620738
-0.046035882056729684
-0.04602506014986455
-0.046014241436292375
-0.04600342591669352
-0.04599261359174829
-0.045981804462137066
-0.045970998528540245
-0.04596019579163819
-0.045949396252111266
-0.045938599910639824
-0.04592780676790418
-0.045917016824584794
-0.045906230081361944
-0.045895446538916036
-0.04588466619792744
-0.04587388905907653
-0.045863115123043585
-0.045852344390509094
-0.04584157686215332
-0.04583081253865665
-0.045820051420699476
-0.04580929350896215
-0.04579853880412507
-0.045787787306868485
-0.04577703901787288
-0.04576629393781856
-0.045755552067385914
-0.045744813407255266
-0.04573407795810708
-0.04572334572062158
-0.04571261669547925
-0.045701890883360366
-0.045691168284945315
-0.04568044890091452
-0.045669732731948284
-0.045659019778726946
-0.04564831004193098
-0.04563760352224059
-0.045626900220336275
-0.045616200136898356
-0.045605503272607165
-0.04559480962814312
-0.04558411920418656
-0.04557343200141786
-0.045562748020517296
-0.04555206726216539
-0.045541389727042386
-0.04553071541582868
-0.04552004432920464
-0.04550937646785063
-0.04549871183244702
-0.04548805042367415
-0.04547739224221242
-0.045466737288742155
-0.04545608556394375
-0.04544543706849751
-0.04543479180308389
-0.04542414976838325
-0.04541351096507584
-0.045402875393842086
-0.04539224305536244
-0.04538161395031711
-0.04537098807938659
-0.045360365443251165
-0.045349746042591184
-0.0453391298780871
-0.045328516950419236
-0.045317907260267916
-0.04530730080831357
-0.0452966975952365
-0.045286097621717106
-0.04527550088843571
-0.045264907396072744
-0.04525431714530854
-0.04524373013682347
-0.04523314637129786
-0.04522256584941208
-0.04521198857184652
-0.04520141453928153
-0.04519084375239751
-0.04518027621187477
-0.045169711918393717
-0.045159150872634675
-0.04514859307527803
-0.04513803852700416
-0.045127487228493364
-0.04511693918042612
-0.04510639438348266
-0.04509585283834346
-0.04508531454568882
-0.04507477950620136
-0.04506424772057253
-0.04505371918949589
-0.04504319391366526
-0.045032671893774204
-0.045022153130516475
-0.045011637624585675
-0.045001125376675465
-0.04499061638747962
-0.04498011065769167
-0.044969608188005376
-0.04495910897911436
-0.0449486130317123
-0.04493812034649292
-0.04492763092414981
-0.04491714476537664
-0.044906661870867164
-0.04489618224131495
-0.0448857058774137
-0.04487523277985716
-0.04486476294933886
-0.044854296386552646
-0.04484383309219198
-0.04483337306695067
-0.04482291631152236
-0.04481246282660067
-0.04480201261287936
-0.04479156567105197
-0.044781122001812286
-0.04477068160585391
-0.04476024448387055
-0.0447498106365559
-0.04473938006460309
-0.04472895276870657
-0.0447185287495709
-0.04470810800790358
-0.0446976905444119
-0.04468727635980327
-0.044676865454785046
-0.04466645783006465
-0.04465605348634947
-0.04464565242434678
-0.04463525464476388
-0.04462486014830791
-0.044614468935686026
-0.04460408100760548
-0.04459369636477342
-0.044583315007896994
-0.04457293693768341
-0.04456256215483985
-0.04455219066007349
-0.04454182245409155
-0.04453145753760117
-0.04452109591130953
-0.04451073757592412
-0.044500382532153535
-0.04449003078070668
-0.04447968232229252
-0.04446933715761984
-0.044458995287397614
-0.04444865671233459
-0.0444383214331396
-0.044427989450521344
-0.04441766076518862
-0.04440733537785016
-0.04439701328921481
-0.044386694499992184
-0.04437637901089522
-0.0443660668226381
-0.04435575793593458
-0.04434545235149708
-0.044335150070031554
-0.044324851092242455
-0.04431455541883417
-0.04430426305051115
-0.04429397398797777
-0.04428368823193846
-0.04427340578309765
-0.04426312664215968
-0.04425285080982905
-0.04424257828681017
-0.0442323090738074
-0.04422204317152519
-0.044211780580667936
-0.04420152130194005
-0.04419126533604597
-0.04418101268369011
-0.04417076334557683
-0.044160517322410615
-0.044150274614895825
-0.044140035223736926
-0.04412979914963827
-0.0441195663933043
-0.044109336955439435
-0.04409911083674807
-0.04408888803793466
-0.04407866855970356
-0.04406845240275925
-0.04405823956780611
-0.04404803005554851
-0.04403782386669088
-0.044027621001937724
-0.044017421461993375
-0.04400722524756697
-0.043997032359386526
-0.043986842798184794
-0.04397665656469444
-0.04396647365964822
-0.043956294083778824
-0.043946117837819064
-0.04393594492250159
-0.04392577533855913
-0.043915609086724414
-0.04390544616773024
-0.043895286582309206
-0.043885130331194115
-0.04387497741511767
-0.0438648278348126
-0.043854681591011635
-0.04384453868444749
-0.043834399115852914
-0.04382426288596061
-0.0438141299955096
-0.04380400044526446
-0.043793874235996066
-0.0437837513684752
-0.04377363184347271
-0.04376351566175946
-0.04375340282410637
-0.043743293331284246
-0.043733187184063875
-0.043723084383216204
-0.043712984929512054
-0.04370288882372227
-0.043692796066617696
-0.0436827066589692
-0.0436726206015477
-0.0436625378951245
-0.043652458540470916
-0.043642382538358324
-0.04363230988955803
-0.04362224059484149
-0.04361217465497995
-0.04360211207074485
-0.04359205284290748
-0.04358199697223924
-0.04357194445951145
-0.043561895305495486
-0.04355184951096269
-0.04354180707668441
-0.043531768003431504
-0.043521732291972676
-0.043511699943074106
-0.04350167095749427
-0.04349164533598954
-0.04348162307931654
-0.04347160418823256
-0.04346158866349499
-0.043451576505861206
-0.043441567716088654
-0.04343156229493471
-0.04342156024315679
-0.04341156156151232
-0.04340156625075869
-0.04339157431165332
-0.04338158574495358
-0.04337160055141697
-0.04336161873180079
-0.043351640286862524
-0.04334166521735957
-0.0433316935240493
-0.043321725207689184
-0.04331176026903654
-0.04330179870885212
-0.04329184052790959
-0.04328188572698599
-0.043271934306859244
-0.04326198626831146
-0.043252041612125626
-0.04324210033908475
-0.043232162449971925
-0.04322222794557015
-0.04321229682666252
-0.04320236909403195
-0.043192444748461636
-0.0431825237907345
-0.04317260622163354
-0.043162692041941376
-0.04315278125244068
-0.04314287385391392
-0.043132969847143744
-0.04312306923291268
-0.04311317201200582
-0.04310327818521783
-0.04309338775334596
-0.043083500717187355
-0.04307361707753926
-0.04306373683520123
-0.04305385999098236
-0.04304398654569431
-0.04303411650014848
-0.043024249855156495
-0.04301438661152973
-0.04300452677007979
-0.042994670331618245
-0.04298481729695652
-0.04297496766690613
-0.042965121442278674
-0.04295527862388561
-0.042945439212538454
-0.04293560320904872
-0.04292577061422799
-0.04291594142888768
-0.04290611565383936
-0.04289629328989456
-0.04288647433786478
-0.04287665879856164
-0.04286684667279717
-0.042857037961383466
-0.042847232665132684
-0.04283743078485694
-0.04282763232136834
-0.04281783727547905
-0.042808045648001315
-0.042798257439748105
-0.04278847265153245
-0.042778691284167454
-0.04276891333846159
-0.042759138815203185
-0.04274936771516928
-0.042739600039135205
-0.042729835787876036
-0.042720074962165455
-0.04271031756277678
-0.04270056359048336
-0.04269081304605858
-0.04268106593027571
-0.04267132224390819
-0.042661581987729354
-0.04265184516251268
-0.04264211176903226
-0.04263238180806242
-0.042622655280377376
-0.042612932186751364
-0.04260321252795867
-0.042593496304773625
-0.04258378351797037
-0.04257407416832326
-0.04256436825660649
-0.0425546657835944
-0.042544966750060524
-0.04253527115677561
-0.04252557900450743
-0.04251589029401412
-0.04250620502605128
-0.042496523201374564
-0.04248684482073978
-0.04247716988490252
-0.042467498394618455
-0.04245783035064331
-0.04244816575373274
-0.04243850460464242
-0.0424288469041291
-0.042419192652953665
-0.04240954185187803
-0.04239989450166413
-0.042390250603073915
-0.04238061015686934
-0.042370973163812206
-0.0423613396246646
-0.042351709540188354
-0.042342082911145475
-0.042332459738297835
-0.04232284002240741
-0.04231322376423611
-0.042303610964545824
-0.04229400162409853
-0.04228439574365619
-0.042274793323978904
-0.0422651943658197
-0.042255598869929835
-0.04224600683706065
-0.042236418267963274
-0.04222683316338905
-0.04221725152408921
-0.042207673350814955
-0.04219809864431732
-0.042188527405345976
-0.04217895963465037
-0.042169395332979934
-0.04215983450108405
-0.04215027713971227
-0.04214072324961388
-0.04213117283153838
-0.042121625886236545
-0.04211208241446411
-0.0421025424169783
-0.0420930058945363
-0.0420834728478952
-0.042073943277812095
-0.042064417185043786
-0.04205489457034691
-0.04204537543447818
-0.042035859778194205
-0.04202634760225175
-0.042016838907407476
-0.04200733369441803
-0.04199783196404013
-0.041988333717030424
-0.041978838954145614
-0.041969347676142396
-0.041959859883777414
-0.041950375577807376
-0.04194089475898896
-0.04193141742807881
-0.04192194358583366
-0.041912473233010145
-0.041903006370365016
-0.04189354299865483
-0.04188408311863638
-0.0418746267310663
-0.04186517383670131
-0.04185572443629802
-0.04184627853061317
-0.04183683612040347
-0.0418273972064255
-0.04181796178943601
-0.041808529870191645
-0.04179910144944911
-0.04178967652796506
-0.04178025510649439
-0.04177083718578443
-0.04176142276658073
-0.041752011849628845
-0.041742604435674305
-0.04173320052546274
-0.041723800119738357
-0.041714403219240984
-0.041705009824708976
-0.041695619936880875
-0.04168623355649516
-0.041676850684290355
-0.04166747132100495
-0.041658095467377323
-0.04164872312414606
-0.0416393542920503
-0.04162998897183193
-0.041620627164233516
-0.0416112688699976
-0.041601914089866694
-0.041592562824583436
-0.04158321507489036
-0.04157387084152993
-0.041564530125244845
-0.04155519292677757
-0.041545859246870605
-0.0415365290862664
-0.04152720244570751
-0.04151787932593484
-0.041508559727683345
-0.04149924365168639
-0.041489931098677456
-0.04148062206938987
-0.041471316564557124
-0.04146201458491258
-0.04145271613118968
-0.041443421204117856
-0.041434129804410885
-0.04142484193277895
-0.04141555758993405
-0.041406276776587356
-0.041396999493445
-0.04138772574121204
-0.04137845552059333
-0.04136918883229392
-0.041359925677018634
-0.04135066605547249
-0.04134140996836042
-0.0413321574163874
-0.041322908400258276
-0.041313662920678146
-0.04130442097835187
-0.041295182573984394
-0.04128594770828068
-0.041276716381945674
-0.041267488595683154
-0.04125826435019232
-0.041249043646171234
-0.041239826484317954
-0.04123061286533045
-0.04122140278990679
-0.041212196258744886
-0.0412029932725422
-0.041193793831996006
-0.041184597937803574
-0.041175405590662295
-0.0411662167912695
-0.04115703154032295
-0.041147849838520635
-0.04113867168656041
-0.041129497085140215
-0.041120326034957834
-0.041111158536711316
-0.04110199459109847
-0.041092834198817235
-0.04108367736056543
-0.041074524077041034
-0.04106537434894193
-0.041056228176966005
-0.041047085561811164
-0.04103794650417527
-0.041028811004756104
-0.041019679064250636
-0.041010550683355684
-0.041001425862768066
-0.04099230460318462
-0.040983186905302164
-0.04097407276981753
-0.040964962197427526
-0.04095585518882899
-0.04094675174471869
-0.04093765186579353
-0.040928555552750295
-0.04091946280628582
-0.040910373627096895
-0.04090128801588129
-0.0408922059733401
-0.0408831275001721
-0.04087405259707175
-0.040864981264732626
-0.04085591350385232
-0.04084684931514508
-0.04083778869932494
-0.04082873165709296
-0.04081967818914705
-0.04081062829618503
-0.04080158197890472
-0.04079253923800412
-0.04078350007418147
-0.04077446448813506
-0.04076543248056334
-0.04075640405216455
-0.04074737920363711
-0.04073835793567931
-0.04072934024898953
-0.040720326144266024
-0.04071131562220728
-0.04070230868351154
-0.040693305328877154
-0.04068430555900249
-0.040675309374587
-0.040666316776333006
-0.04065732776493825
-0.040648342341098875
-0.04063936050551109
-0.04063038225887115
-0.04062140760187518
-0.04061243653521947
-0.04060346905960012
-0.04059450517571344
-0.04058554488425558
-0.04057658818592164
-0.04056763508140254
-0.04055868557138794
-0.04054973965656764
-0.040540797337631336
-0.040531858615268805
-0.04052292349017228
-0.040513991963043706
-0.04050506403458365
-0.040496139705474825
-0.040487218976395366
-0.04047830184802362
-0.04046938832103772
-0.04046047839611599
-0.04045157207393659
-0.04044266935517777
-0.04043377024051785
-0.04042487473063494
-0.04041598282620734
-0.04040709452791324
-0.040398209836430915
-0.040389328752438586
-0.04038045127661448
-0.04037157740963683
-0.040362707152183895
-0.04035384050493387
-0.040344977468565
-0.04033611804375555
-0.04032726223118373
-0.040318410031527724
-0.04030956144546583
-0.04030071647367627
-0.04029187511683728
-0.04028303737562708
-0.04027420325072387
-0.04026537274280592
-0.04025654585255151
-0.04024772258063878
-0.04023890292774733
-0.04023008689456177
-0.04022127448176805
-0.040212465690052095
-0.04020366052009984
-0.040194858972597274
-0.04018606104823027
-0.04017726674768479
-0.040168476071646766
-0.04015968902080184
-0.04015090559583401
-0.04014212579742714
-0.040133349626264886
-0.04012457708303092
-0.040115808168408526
-0.040107042883080805
-0.04009828122773102
-0.04008952320304226
-0.04008076880969771
-0.04007201804838056
-0.04006327091977393
-0.040054527424561066
-0.04004578756342402
-0.04003705133704123
-0.04002831874609067
-0.04001958979125046
-0.04001086447319879
-0.040002142792613764
-0.03999342475017322
-0.03998471034655321
-0.03997599958242945
-0.039967292458477785
-0.039958588975372876
-0.03994988913378583
-0.039941192934386645
-0.03993250037784538
-0.039923811464832114
-0.03991512619601692
-0.039906444572069794
-0.039897766593660865
-0.039889092261460125
-0.03988042157613769
-0.03987175453836359
-0.03986309114880788
-0.03985443140814062
-0.03984577531703187
-0.03983712287615135
-0.039828474086167354
-0.039819828947753225
-0.03981118746160423
-0.039802549628421065
-0.03979391544889968
-0.03978528492371696
-0.03977665805354508
-0.03976803483905619
-0.03975941528092242
-0.03975079937981599
-0.03974218713640901
-0.03973357855137462
-0.03972497362538994
-0.03971637235913301
-0.03970777475328194
-0.03969918080851475
-0.0396905905255095
-0.03968200390494435
-0.03967342094749728
-0.03966484165384643
-0.039656266024669824
-0.03964769406064551
-0.03963912576245161
-0.0396305611307662
-0.039622000166267324
-0.03961344286963305
-0.039604889241541465
-0.0395963392826706
-0.039587792993698585
-0.03957925037530347
-0.039570711428163305
-0.03956217615295616
-0.03955364455036012
-0.0395451166210533
-0.039536592365713684
-0.03952807178501939
-0.039519554879648484
-0.039511041650279057
-0.03950253209758914
-0.0394940262222568
-0.03948552402496018
-0.039477025506377286
-0.039468530667186204
-0.03946003950806485
-0.03945155202969072
-0.03944306823274104
-0.03943458811789128
-0.039426111685807376
-0.03941763893714666
-0.03940916987256457
-0.03940070449271671
-0.03939224279825856
-0.039383784789845666
-0.03937533046813353
-0.03936687983377771
-0.03935843288743368
-0.039349989629756235
-0.03934155006139691
-0.039333114182958206
-0.039324681994849155
-0.039316253497430544
-0.03930782869106307
-0.0392994075761075
-0.03929099015292455
-0.03928257642187494
-0.03927416638331957
-0.03926576003761965
-0.039257357385136415
-0.03924895842623122
-0.0392405631612654
-0.03923217159060026
-0.03922378371459708
-0.039215399533617176
-0.039207019048021895
-0.03919864225817099
-0.03919026916441823
-0.03918189976711585
-0.03917353406661602
-0.0391651720632711
-0.03915681375743319
-0.03914845914945464
-0.03914010823968755
-0.03913176102848422
-0.0391234175161969
-0.039115077703177806
-0.03910674158977917
-0.039098409176351115
-0.039090080463235664
-0.03908175545077266
-0.039073434139302
-0.03906511652916353
-0.03905680262069718
-0.039048492414242825
-0.03904018591014036
-0.039031883108729626
-0.03902358401035056
-0.03901528861534299
-0.039006996924046855
-0.038998708936802025
-0.03899042465394834
-0.03898214407582578
-0.03897386720277417
-0.03896559403513335
-0.03895732457324323
-0.03894905881744368
-0.03894079676807401
-0.03893253842547356
-0.038924283789981626
-0.03891603286193752
-0.038907785641680515
-0.03889954212954995
-0.03889130232588513
-0.038883066231025276
-0.03887483384530982
-0.03886660516905202
-0.03885838020246139
-0.0388501589457215
-0.03884194139901585
-0.038833727562528036
-0.03882551743644153
-0.03881731102093988
-0.038809108316206334
-0.03880090932242408
-0.03879271403977636
-0.03878452246844638
-0.038776334608617354
-0.03876815046047247
-0.03875997002419499
-0.03875179329996807
-0.038743620287975
-0.03873545098839887
-0.038727285401423006
-0.038719123527230594
-0.038710965366004775
-0.03870281091792887
-0.038694660183186014
-0.03868651316195947
-0.03867836985443241
-0.03867023026078806
-0.03866209438120961
-0.03865396221588031
-0.038645833764983366
-0.038637709028702005
-0.03862958800721936
-0.038621470700718745
-0.03861335710937817
-0.03860524723335528
-0.03859714107280249
-0.03858903862785825
-0.038580939898605185
-0.03857284488511189
-0.038564753587446945
-0.03855666600567892
-0.038548582139876476
-0.03854050199005425
-0.038532425556011364
-0.03852435283749297
-0.038516283834244235
-0.03850821854601037
-0.03850015697253648
-0.038492099113567796
-0.03848404496884945
-0.03847599453812666
-0.038467947821144564
-0.038459904817648355
-0.03845186552738316
-0.03844382995009421
-0.03843579808552664
-0.03842776993342564
-0.038419745493536404
-0.03841172476560407
-0.038403707749373815
-0.03839569444459082
-0.038387684851000255
-0.03837967896834729
-0.038371676796377124
-0.03836367833483489
-0.03835568358346579
-0.038347692542014984
-0.03833970521022765
-0.03833172158784893
-0.03832374167462672
-0.03831576547031924
-0.03830779297468756
-0.03829982418749268
-0.03829185910849552
-0.03828389773745715
-0.03827594007413847
-0.038267986118300415
-0.03826003586970395
-0.03825208932810999
-0.0382441464932794
-0.038236207364973164
-0.03822827194295218
-0.03822034022697735
-0.03821241221680964
-0.03820448791220998
-0.03819656731293922
-0.03818865041875829
-0.03818073722942816
-0.038172827744709724
-0.03816492196436392
-0.038157019888151636
-0.038149121515833835
-0.0381412268471714
-0.038133335881925315
-0.0381254486198564
-0.03811756506072567
-0.038109685204292025
-0.03810180905030672
-0.03809393659851892
-0.03808606784867791
-0.03807820280053289
-0.038070341453833145
-0.03806248380832783
-0.03805462986375731
-0.0380467796198241
-0.038038933076211805
-0.03803109023260137
-0.03802325108867387
-0.038015415644109325
-0.038007583898583996
-0.03799975585177316
-0.037991931503352123
-0.037984110852996154
-0.03797629390038062
-0.0379684806451807
-0.03796067108707179
-0.03795286522572912
-0.03794506306082801
-0.03793726459204371
-0.037929469819051584
-0.037921678741526875
-0.037913891359144886
-0.03790610767158094
-0.03789832767851026
-0.037890551379608214
-0.03788277877455007
-0.037875009863011073
-0.0378672446446666
-0.037859483119191885
-0.03785172528626222
-0.03784397114555293
-0.03783622069673931
-0.037828473939496586
-0.037820730873500144
-0.03781299149842521
-0.03780525581394683
-0.03779752381973906
-0.0377897955154756
-0.03778207090083026
-0.037774349975476754
-0.03776663273908884
-0.037758919191337385
-0.03775120933188274
-0.037743503160386764
-0.03773580067651249
-0.03772810187992294
-0.037720406770275855
-0.03771271534720859
-0.03770502761035319
-0.037697343559341734
-0.03768966319380629
-0.03768198651337835
-0.0376743135176868
-0.037666644206359956
-0.037658978579026156
-0.03765131663531361
-0.037643658374850675
-0.03763600379726561
-0.037628352902186635
-0.03762070568924141
-0.03761306215805743
-0.03760542230826231
-0.03759778613947984
-0.03759015365131878
-0.03758252484338421
-0.037574899715281156
-0.037567278266614684
-0.03755966049698983
-0.03755204640601168
-0.03754443599326651
-0.03753682925827457
-0.03752922620057185
-0.03752162681970306
-0.03751403111521284
-0.037506439086645915
-0.03749885073354696
-0.03749126605546068
-0.03748368505193171
-0.037476107722504745
-0.0374685340667245
-0.037460964084135635
-0.037453397774282825
-0.03744583513671074
-0.03743827617096411
-0.03743072087658756
-0.037423169253125846
-0.03741562130012359
-0.037408077017125466
-0.03740053640367623
-0.03739299945932048
-0.037385466183602944
-0.0373779365760683
-0.037370410636261224
-0.03736288836372641
-0.037355369758006456
-0.037347854818635916
-0.037340343545147196
-0.03733283593707274
-0.037325331993945
-0.03731783171529637
-0.03731033510065938
-0.037302842149566404
-0.03729535286154991
-0.0372878672361423
-0.03728038527287603
-0.037272906971283576
-0.03726543233089738
-0.037257961351248044
-0.037250494031859475
-0.037243030372253585
-0.03723557037195246
-0.037228114030477634
-0.03722066134734866
-0.0372132123220847
-0.037205766954203606
-0.037198325243218554
-0.037190887188641455
-0.03718345278996662
-0.037176022046618296
-0.03716859495800298
-0.03716117152352735
-0.037153751742597996
-0.03714633561462154
-0.037138923139004604
-0.03713151431515448
-0.03712410914248195
-0.03711670762037129
-0.03710930974809874
-0.037101915524913376
-0.03709452495006635
-0.037087138022816844
-0.037079754742426
-0.03707237510815498
-0.03706499911926493
-0.03705762677501699
-0.03705025807467238
-0.037042893017492216
-0.03703553160273764
-0.03702817382966733
-0.0370208196975299
-0.037013469205571484
-0.03700612235303813
-0.03699877913917601
-0.03699143956323094
-0.03698410362444802
-0.03697677132207192
-0.03696944265534748
-0.03696211762351944
-0.03695479622583262
-0.036947478461531714
-0.036940164329861545
-0.03693285383006698
-0.03692554696139268
-0.03691824372308053
-0.03691094411437179
-0.036903648134507736
-0.03689635578272954
-0.03688906705827849
-0.0368817819603958
-0.03687450048832204
-0.03686722264129537
-0.03685994841849952
-0.03685267781890377
-0.03684541084142368
-0.03683814748497489
-0.036830887748472964
-0.03682363163083352
-0.03681637913097212
-0.03680913024780437
-0.0368018849802459
-0.03679464332721225
-0.03678740528761912
-0.03678017086038198
-0.03677294004441649
-0.03676571283863823
-0.03675848924196279
-0.036751269253305824
-0.03674405287158282
-0.03673684009570949
-0.03672963092460134
-0.03672242535717405
-0.036715223392343094
-0.03670802502902429
-0.0367008302661332
-0.03669363910258554
-0.0366864515372969
-0.036679267569183036
-0.03667208719715957
-0.03666491042014215
-0.036657737237046496
-0.03665056764678824
-0.03664340164825531
-0.03663623924022479
-0.036629080421446004
-0.03662192519066831
-0.03661477354664102
-0.03660762548811348
-0.03660048101383304
-0.036593340122539134
-0.03658620281296916
-0.03657906908386063
-0.036571938933950894
-0.03656481236197745
-0.03655768936667772
-0.036550569946789103
-0.03654345410104709
-0.03653634182817907
-0.03652923312691023
-0.036522127995966006
-0.036515026434071736
-0.036507928439920435
-0.036500834012075815
-0.03649374314906917
-0.03648665584943189
-0.03647957211169539
-0.03647249193439097
-0.03646541531605
-0.03645834225520388
-0.03645127275035818
-0.03644420679991513
-0.03643714440224934
-0.03643008555573503
-0.0364230302587464
-0.03641597850965766
-0.03640893030684309
-0.03640188564866342
-0.036394844533425764
-0.03638780695942342
-0.03638077292494956
-0.036373742428297336
-0.036366715467759866
-0.03635969204163034
-0.03635267214820189
-0.036345655785767726
-0.03633864295262089
-0.03633163364705427
-0.03632462786736066
-0.03631762561183287
-0.036310626878767474
-0.03630363166647657
-0.036296639973276
-0.036289651797481594
-0.0362826671374092
-0.036275685991374734
-0.03626870835769398
-0.03626173423468282
-0.036254763620656695
-0.03624779651392907
-0.03624083291281304
-0.0362338728156217
-0.03622691622066809
-0.036219963126265214
-0.03621301353072569
-0.036206067432361995
-0.03619912482948666
-0.0361921857204122
-0.03618525010345116
-0.03617831797691598
-0.03617138933911925
-0.03616446418837346
-0.0361575425229911
-0.03615062434128473
-0.03614370964156681
-0.03613679842214992
-0.03612989068134656
-0.03612298641746917
-0.03611608562883035
-0.03610918831374254
-0.03610229447051833
-0.03609540409747022
-0.036088517192910674
-0.036081633755151415
-0.03607475378250082
-0.036067877273266415
-0.03606100422575577
-0.03605413463827808
-0.03604726850914925
-0.03604040583668623
-0.03603354661920262
-0.036026690855011256
-0.03601983854242496
-0.03601298967975658
-0.03600614426531896
-0.03599930229742489
-0.035992463774387286
-0.03598562869451895
-0.035978797056132994
-0.0359719688575425
-0.03596514409706061
-0.03595832277300039
-0.035951504883674996
-0.0359446904273975
-0.03593787940248101
-0.035931071807238674
-0.03592426763998359
-0.03591746689902882
-0.03591066958268752
-0.03590387568927281
-0.03589708521709773
-0.035890298164475476
-0.035883514529719086
-0.035876734311141696
-0.03586995750705644
-0.03586318411577638
-0.03585641413561469
-0.0358496475648844
-0.03584288440189869
-0.03583612464497058
-0.03582936829241327
-0.03582261534253982
-0.03581586579366318
-0.035809119644096346
-0.03580237689215222
-0.035795637536143815
-0.035788901574384004
-0.03578216900518581
-0.03577543982686215
-0.03576871403772603
-0.03576199163609031
-0.03575527262026801
-0.03574855698857205
-0.03574184473931541
-0.03573513587081105
-0.03572843038137188
-0.03572172826931091
-0.03571502953293969
-0.03570833417056617
-0.03570164218050334
-0.03569495356106577
-0.03568826831056812
-0.03568158642732501
-0.03567490790965098
-0.03566823275586075
-0.03566156096426888
-0.035654892533189965
-0.03564822746093866
-0.03564156574582953
-0.035634907386177236
-0.03562825238029637
-0.03562160072649986
-0.03561495242309406
-0.035608307468383546
-0.03560166586067303
-0.035595027598266944
-0.035588392679469366
-0.035581761102584146
-0.03557513286591517
-0.035568507967766366
-0.035561886406441555
-0.03555526818024469
-0.03554865328747962
-0.03554204172645026
-0.03553543349546048
-0.03552882859281417
-0.03552222701681519
-0.03551562876576749
-0.03550903383797494
-0.0355024422317414
-0.03549585394537074
-0.035489268977166935
-0.035482687325433755
-0.0354761089884752
-0.03546953396459509
-0.03546296225209731
-0.03545639384928581
-0.0354498287544644
-0.03544326696593701
-0.03543670848200756
-0.03543015330097985
-0.03542360142115784
-0.0354170528408454
-0.03541050755834642
-0.03540396557196476
-0.03539742688000435
-0.035390891480769064
-0.03538435937256277
-0.035377830553689364
-0.03537130502245277
-0.0353647827771568
-0.03535826381610541
-0.03535174813760249
-0.035345235739951866
-0.03533872662145748
-0.035332220780423175
-0.0353257182151529
-0.03531921892395051
-0.035312722905119893
-0.035306230156964935
-0.03529974067778952
-0.03529325446589756
-0.03528677151959292
-0.03528029183717947
-0.03527381541696112
-0.035267342257241784
-0.035260872356325086
-0.035254405712513884
-0.03524794232411074
-0.035241482189418194
-0.035235025306738894
-0.035228571674375424
-0.0352221212906304
-0.03521567415380632
-0.035209230262205876
-0.03520278961413157
-0.035196352207886084
-0.03518991804177192
-0.03518348711409173
-0.035177059423148034
-0.03517063496724352
-0.035164213744680685
-0.03515779575376221
-0.03515138099279055
-0.03514496946006839
-0.03513856115389833
-0.035132156072582924
-0.03512575421442476
-0.03511935557772646
-0.035112960160790574
-0.03510656796191971
-0.03510017897941646
-0.03509379321158338
-0.0350874106567231
-0.035081031313138215
-0.035074655179131296
-0.035068282253004915
-0.035061912533061686
-0.03505554601760419
-0.035049182704935004
-0.03504282259335675
-0.035036465681171976
-0.03503011196668331
-0.03502376144819331
-0.035017414124004595
-0.03501106999241972
-0.03500472905174131
-0.03499839130027193
-0.03499205673631417
-0.03498572535817063
-0.034979397164143916
-0.03497307215253656
-0.03496675032165119
-0.03496043166979042
-0.03495411619525678
-0.034947803896352936
-0.03494149477138141
-0.0349351888186448
-0.034928886036445714
-0.034922586423086724
-0.03491628997687044
-0.03490999669609946
-0.03490370657907633
-0.034897419624103684
-0.03489113582948408
-0.034884855193520144
-0.03487857771451439
-0.03487230339076951
-0.03486603222058804
-0.03485976420227137
-0.034853499334116
-0.03484723761441737
-0.0348409790414708
-0.034834723613571615
-0.034828471329015204
-0.034822222186096895
-0.034815976183112066
-0.034809733318356066
-0.034803493590124183
-0.03479725699671185
-0.03479102353641439
-0.03478479320752714
-0.0347785660083455
-0.03477234193716473
-0.03476612099228028
-0.034759903171987405
-0.034753688474581594
-0.03474747689835807
-0.03474126844161222
-0.03473506310263941
-0.03472886087973501
-0.034722661771194326
-0.034716465775312746
-0.03471027289035218
-0.03470408311444086
-0.03469789644567355
-0.034691712882145107
-0.034685532421950285
-0.03467935506318386
-0.034673180803940676
-0.0346670096423155
-0.03466084157640313
-0.034654676604298384
-0.03464851472409603
-0.03464235593389087
-0.03463620023177771
-0.03463004761585131
-0.03462389808420653
-0.03461775163493811
-0.03461160826614087
-0.0346054679759096
-0.03459933076233911
-0.03459319662352419
-0.03458706555755963
-0.034580937562540215
-0.03457481263656077
-0.03456869077771605
-0.03456257198410087
-0.034556456253810035
-0.03455034358493836
-0.03454423397558058
-0.034538127423831534
-0.03453202392778602
-0.034525923485538824
-0.03451982609518472
-0.03451373175481859
-0.03450764046253509
-0.0345015522164291
-0.03449546701459546
-0.03448938485512891
-0.034483305736124216
-0.034477229655676206
-0.03447115661187968
-0.03446508660282944
-0.03445901962662023
-0.03445295568134696
-0.03444689476510428
-0.03444083687598714
-0.0344347820120902
-0.034428730171508326
-0.034422681352336296
-0.034416635552668925
-0.03441059277060097
-0.03440455300422726
-0.0343985162516426
-0.034392482510942145
-0.03438645178022171
-0.03438042405757744
-0.03437439934110532
-0.034368377628901485
-0.03436235891906198
-0.03435634320968288
-0.034350330498860195
-0.034344320784690074
-0.03433831406526853
-0.03433231033869159
-0.03432630960305542
-0.03432031185645603
-0.03431431709698951
-0.03430832532275189
-0.03430233653183925
-0.034296350722347685
-0.03429036789237321
-0.03428438804001196
-0.03427841116335993
-0.03427243726051323
-0.03426646632956791
-0.03426049836862004
-0.0342545333757657
-0.0342485713491009
-0.03424261228672178
-0.03423665618672436
-0.03423070304720471
-0.03422475286625894
-0.034218805641983076
-0.034212861372473154
-0.03420692005582534
-0.03420098169013558
-0.03419504627350001
-0.034189113804014695
-0.034183184279775666
-0.034177257698879034
-0.034171334059420855
-0.03416541335949713
-0.03415949559720406
-0.03415358077063755
-0.0341476688778938
-0.0341417599170688
-0.03413585388625886
-0.03412995078356096
-0.03412405060707245
-0.03411815335489052
-0.03411225902511243
-0.03410636761583543
-0.03410047912515681
-0.03409459355117376
-0.034088710891983585
-0.03408283114568351
-0.034076954310370784
-0.034071080384142687
-0.034065209365096424
-0.0340593412513293
-0.0340534760409385
-0.034047613732021344
-0.034041754322675824
-0.034035897811002996
-0.034030044195104615
-0.034024193473082526
-0.03401834564303852
-0.03401250070307442
-0.03400665865129199
-0.034000819485793074
-0.03399498320467953
-0.03398914980605304
-0.033983319288015505
-0.03397749164866865
-0.03397166688611438
-0.03396584499845444
-0.03396002598379062
-0.03395420984022476
-0.03394839656585781
-0.033942586158787445
-0.033936778617110454
-0.033930973938923636
-0.033925172122323884
-0.03391937316540787
-0.03391357706627257
-0.033907783823014646
-0.033901993433731015
-0.03389620589651846
-0.03389042120947378
-0.03388463937069381
-0.03387886037827533
-0.033873084230315216
-0.03386731092491019
-0.03386154046015714
-0.033855772834152864
-0.03385000804499416
-0.03384424609077784
-0.03383848696960073
-0.03383273067955962
-0.03382697721875136
-0.03382122658527273
-0.03381547877722057
-0.03380973379269164
-0.033803991629782836
-0.03379825228659092
-0.03379251576121272
-0.033786782051745026
-0.03378105115628468
-0.03377532307292847
-0.033769597799773066
-0.03376387533491462
-0.03375815567644915
-0.033752438822472565
-0.03374672477108084
-0.03374101352037004
-0.03373530506843612
-0.033729599413375014
-0.03372389655328277
-0.033718196486255333
-0.033712499210387846
-0.03370680472377233
-0.03370111302449975
-0.03369542411066126
-0.03368973798034793
-0.03368405463165086
-0.033678374062661116
-0.03367269627146982
-0.03366702125616805
-0.03366134901484688
-0.03365567954559742
-0.03365001284651078
-0.03364434891567801
-0.03363868775119023
-0.03363302935113849
-0.03362737371361392
-0.033621720836707586
-0.0336160707185106
-0.03361042335711403
-0.03360477875060853
-0.03359913689708285
-0.03359349779462527
-0.03358786144132407
-0.033582227835267674
-0.033576596974544244
-0.033570968857242145
-0.033565343481449676
-0.03355972084525511
-0.03355410094674679
-0.03354848378401299
-0.03354286935514203
-0.03353725765822217
-0.03353164869134173
-0.033526042452589035
-0.03352043894005234
-0.03351483815182002
-0.03350924008598031
-0.03350364474062153
-0.03349805211383197
-0.033492462203699946
-0.033486875008313766
-0.03348129052576172
-0.03347570875413209
-0.03347012969151321
-0.033464553335993345
-0.03345897968566082
-0.03345340873860395
-0.03344784049291101
-0.0334422749466703
-0.033436712097970125
-0.03343115194489879
-0.033425594485544614
-0.03342003971799588
-0.03341448764034088
-0.03340893825066787
-0.033403391547065266
-0.03339784752762131
-0.03339230619042427
-0.03338676753356249
-0.033381231555124236
-0.03337569825319784
-0.0333701676258716
-0.03336463967123381
-0.033359114387372754
-0.033353591772376755
-0.03334807182433414
-0.033342554541333114
-0.03333703992146206
-0.03333152796280928
-0.03332601866346302
-0.03332051202151166
-0.03331500803504343
-0.033309506702146656
-0.03330400802090964
-0.03329851198942069
-0.03329301860576809
-0.03328752786804013
-0.03328203977432513
-0.033276554322711434
-0.03327107151128724
-0.03326559133814093
-0.03326011380136082
-0.03325463889903512
-0.03324916662925224
-0.033243696990100366
-0.03323822997966789
-0.033232765596043067
-0.033227303837314225
-0.03322184470156962
-0.03321638818689758
-0.033210934291386454
-0.03320548301312446
-0.03320003435019997
-0.033194588300701225
-0.033189144862716555
-0.033183704034334266
-0.033178265813642645
-0.03317283019872999
-0.03316739718768462
-0.033161966778594815
-0.03315653896954889
-0.033151113758635185
-0.033145691143941905
-0.033140271123557406
-0.03313485369556999
-0.03312943885806796
-0.03312402660913962
-0.03311861694687326
-0.03311320986935716
-0.033107805374679666
-0.03310240346092902
-0.03309700412619359
-0.03309160736856165
-0.033086213186121476
-0.033080821576961385
-0.03307543253916969
-0.03307004607083469
-0.03306466217004467
-0.033059280834887926
-0.03305390206345282
-0.033048525853827566
-0.03304315220410053
-0.03303778111235994
-0.03303241257669418
-0.03302704659519149
-0.03302168316594012
-0.033016322287027854
-0.0330109639565424
-0.03300560817257149
-0.0330002549332029
-0.03299490423652425
-0.03298955608062329
-0.03298421046358774
-0.03297886738350531
-0.03297352683846373
-0.032968188826550705
-0.032962853345853985
-0.03295752039446124
-0.032952189970460205
-0.03294686207193862
-0.03294153669698417
-0.03293621384368461
-0.03293089351012761
-0.03292557569440089
-0.032920260394592185
-0.032914947608789234
-0.03290963733507974
-0.03290432957155135
-0.03289902431629192
-0.03289372156738905
-0.032888421322930454
-0.03288312358100396
-0.03287782833969719
-0.03287253559709785
-0.032867245351293754
-0.03286195760037251
-0.0328566723424219
-0.03285138957552963
-0.0328461092977834
-0.03284083150727093
-0.03283555620207995
-0.03283028338029817
-0.032825013040013284
-0.03281974517931304
-0.03281447979628518
-0.03280921688901739
-0.03280395645559734
-0.03279869849411283
-0.03279344300265152
-0.03278818997930111
-0.03278293942214939
-0.03277769132928403
-0.032772445698792764
-0.03276720252876328
-0.032761961817283344
-0.03275672356244063
-0.032751487762322846
-0.032746254415017766
-0.03274102351861306
-0.03273579507119644
-0.032730569070855656
-0.032725345515678385
-0.032720124403752396
-0.032714905733165364
-0.03270968950200501
-0.0327044757083591
-0.03269926435031524
-0.032694055425961266
-0.03268884893338486
-0.032683644870673684
-0.032678443235915525
-0.03267324402719805
-0.03266804724260902
-0.03266285288023611
-0.032657660938167035
-0.03265247141448957
-0.03264728430729139
-0.03264209961466019
-0.03263691733468372
-0.03263173746544971
-0.03262656000504584
-0.032621384951559834
-0.03261621230307943
-0.032611042057692344
-0.03260587421348625
-0.0326007087685489
-0.03259554572096806
-0.03259038506883133
-0.032585226810225396
-0.032580070943232294
-0.032574917465933
-0.03256976637640851
-0.03256461767273971
-0.03255947135300759
-0.03255432741529315
-0.0325491858576773
-0.032544046678241
-0.03253890987506524
-0.032533775446229506
-0.03252864338980752
-0.03252351370387151
-0.032518386386493736
-0.03251326143574645
-0.032508138849701905
-0.03250301862643232
-0.032497900764010025
-0.03249278526050718
-0.032487672113996106
-0.03248256132254905
-0.03247745288423821
-0.032472346797135856
-0.03246724305931426
-0.03246214166884567
-0.03245704262380231
-0.03245194592225649
-0.03244685156227918
-0.0324417595419365
-0.03243666985929326
-0.03243158251241443
-0.03242649749936479
-0.03242141481820924
-0.032416334467012656
-0.032411256443839895
-0.032406180746755824
-0.0324011073738253
-0.032396036323113234
-0.032390967592684415
-0.03238590118060378
-0.03238083708493616
-0.03237577530374646
-0.03237071583509949
-0.03236565867706016
-0.03236060382769332
-0.03235555128506388
-0.03235050104723663
-0.032345453112276504
-0.0323404074782483
-0.03233536414321695
-0.032330323105247305
-0.032325284362404234
-0.032320247912752585
-0.032315213754357225
-0.03231018188528304
-0.03230515230359488
-0.032300125007357676
-0.03229509999463617
-0.03229007726349534
-0.032285056812
-0.03228003863821503
-0.03227502274020531
-0.0322700091160357
-0.03226499776377103
-0.032259988681476226
-0.0322549818672161
-0.032249977319055594
-0.03224497503505951
-0.032239975013292704
-0.032234977251820104
-0.032229981748706525
-0.03222498850201687
-0.03221999750981598
-0.032215008770168745
-0.03221002228114002
-0.03220503804079469
-0.03220005604719759
-0.03219507629841359
-0.03219009879250758
-0.03218512352754443
-0.032180150501589
-0.03217517971270611
-0.032170211158960696
-0.03216524483841761
-0.03216028074914167
-0.032155318889197836
-0.032150359256650864
-0.03214540184956571
-0.03214044666600722
-0.03213549370404019
-0.032130542961729604
-0.03212559443714024
-0.03212064812833699
-0.032115704033384734
-0.032110762150348374
-0.03210582247729268
-0.032100885012282615
-0.03209594975338298
-0.032091016698658686
-0.03208608584617456
-0.03208115719399552
-0.03207623074018641
-0.03207130648281206
-0.0320663844199374
-0.03206146454962726
-0.03205654686994651
-0.03205163137896002
-0.03204671807473265
-0.03204180695532928
-0.03203689801881477
-0.032031991263254
-0.03202708668671183
-0.032022184287253085
-0.03201728406294274
-0.03201238601184556
-0.03200749013202643
-0.032002596421550254
-0.031997704878481865
-0.03199281550088615
-0.031987928286827984
-0.031983043234372205
-0.031978160341583683
-0.03197327960652731
-0.031968401027267945
-0.03196352460187045
-0.03195865032839968
-0.03195377820492052
-0.031948908229497856
-0.03194404040019651
-0.031939174715081356
-0.03193431117221732
-0.03192944976966917
-0.03192459050550186
-0.03191973337778021
-0.03191487838456911
-0.03191002552393342
-0.03190517479393803
-0.031900326192647765
-0.03189547971812749
-0.031890635368442145
-0.03188579314165649
-0.03188095303583546
-0.03187611504904396
-0.03187127917934676
-0.03186644542480876
-0.03186161378349487
-0.03185678425346992
-0.0318519568327988
-0.03184713151954635
-0.03184230831177747
-0.031837487207556976
-0.031832668204949795
-0.031827851302020746
-0.031823036496834746
-0.03181822378745659
-0.0318134131719512
-0.031808604648383455
-0.031803798214818185
-0.031798993869320245
-0.031794191609954565
-0.031789391434785944
-0.03178459334187929
-0.031779797329299475
-0.03177500339511133
-0.03177021153737975
-0.031765421754169604
-0.03176063404354578
-0.031755848403573046
-0.0317510648323164
-0.03174628332784061
-0.03174150388821059
-0.0317367265114912
-0.03173195119574729
-0.031727177939043776
-0.03172240673944548
-0.031717637595017265
-0.031712870503824056
-0.03170810546393064
-0.03170334247340193
-0.03169858153030278
-0.031693822632698085
-0.03168906577865268
-0.03168431096623145
-0.03167955819349925
-0.031674807458520915
-0.03167005875936138
-0.0316653120940855
-0.03166056746075812
-0.03165582485744407
-0.031651084282208336
-0.031646345733115644
-0.03164160920823092
-0.031636874705619066
-0.03163214222334488
-0.0316274117594733
-0.031622683312069175
-0.031617956879197336
-0.031613232458922655
-0.031608510049310055
-0.03160378964842434
-0.03159907125433041
-0.03159435486509311
-0.03158964047877734
-0.031584928093447935
-0.03158021770716979
-0.03157550931800775
-0.0315708029240267
-0.0315660985232915
-0.03156139611386701
-0.03155669569381806
-0.031551997261209615
-0.03154730081410647
-0.03154260635057351
-0.03153791386867559
-0.0315332233664776
-0.031528534842044396
-0.031523848293440834
-0.03151916371873178
-0.031514481115982124
-0.031509800483256724
-0.03150512181862044
-0.03150044512013815
-0.03149577038587469
-0.03149109761389501
-0.03148642680226387
-0.03148175794904622
-0.03147709105230687
-0.031472426110110724
-0.03146776312052263
-0.03146310208160746
-0.03145844299143008
-0.03145378584805536
-0.03144913064954818
-0.03144447739397338
-0.03143982607939585
-0.03143517670388045
-0.031430529265492044
-0.0314258837622955
-0.031421240192355676
-0.03141659855373748
-0.03141195884450571
-0.031407321062725306
-0.03140268520646107
-0.031398051273777934
-0.0313934192627407
-0.03138878917141427
-0.03138416099786351
-0.0313795347401515
-0.03137491039633401
-0.0313702879644651
-0.03136566744259882
-0.0313610488287891
-0.031356432121090023
-0.03135181731755558
-0.03134720441623983
-0.031342593415196726
-0.03133798431248031
-0.03133337710614466
-0.031328771794243704
-0.03132416837483151
-0.031319566845962085
-0.03131496720568945
-0.03131036945206692
-0.03130577358314525
-0.03130117959697429
-0.03129658749160414
-0.03129199726508475
-0.03128740891546607
-0.03128282244079814
-0.031278237839130925
-0.03127365510851442
-0.03126907424699863
-0.0312644952526335
-0.03125991812346901
-0.031255342857555234
-0.03125076945294203
-0.031246197907679504
-0.031241628219817564
-0.031237060387406243
-0.031232494408495515
-0.031227930281135394
-0.031223368003375808
-0.031218807573266786
-0.03121424898885833
-0.031209692248200367
-0.031205137349342927
-0.031200584290336
-0.031196033069229575
-0.03119148368407361
-0.031186936132918088
-0.031182390413813064
-0.031177846524808466
-0.031173304463954294
-0.031168764229300528
-0.031164225818897186
-0.0311596892307942
-0.03115515446304163
-0.031150621513689435
-0.031146090380787573
-0.03114156106238602
-0.031137033556534834
-0.031132507861283985
-0.031127983974683377
-0.031123461894783072
-0.03111894161963307
-0.031114423147283316
-0.031109906475783843
-0.031105391603184557
-0.03110087852753555
-0.03109636724688676
-0.031091857759288116
-0.0310873500627897
-0.031082844155441477
-0.031078340035293393
-0.031073837700395436
-0.03106933714879764
-0.031064838378549987
-0.031060341387702445
-0.03105584617430499
-0.031051352736407602
-0.031046861072060332
-0.031042371179313112
-0.031037883056215937
-0.031033396700818804
-0.0310289121111717
-0.031024429285324593
-0.031019948221327514
-0.031015468917230407
-0.03101099137108327
-0.0310065155809361
-0.031002041544838883
-0.03099756926084159
-0.03099309872699425
-0.030988629941346817
-0.030984162901949247
-0.03097969760685159
-0.030975234054103823
-0.03097077224175588
-0.030966312167857807
-0.03096185383045959
-0.03095739722761117
-0.03095294235736258
-0.030948489217763765
-0.030944037806864763
-0.030939588122715522
-0.030935140163366032
-0.030930693926866287
-0.030926249411266316
-0.030921806614616052
-0.030917365534965487
-0.030912926170364632
-0.030908488518863447
-0.030904052578511938
-0.030899618347360117
-0.03089518582345792
-0.030890755004855323
-0.03088632588960239
-0.03088189847574909
-0.030877472761345313
-0.030873048744441186
-0.03086862642308662
-0.03086420579533161
-0.03085978685922615
-0.0308553696128202
-0.030850954054163778
-0.030846540181306906
-0.0308421279922995
-0.03083771748519157
-0.030833308658033114
-0.030828901508874133
-0.0308244960357646
-0.03082009223675448
-0.0308156901098938
-0.03081128965323253
-0.030806890864820632
-0.030802493742708124
-0.030798098284944994
-0.030793704489581228
-0.030789312354666823
-0.030784921878251707
-0.03078053305838594
-0.03077614589311945
-0.030771760380502316
-0.030767376518584428
-0.030762994305415802
-0.03075861373904644
-0.030754234817526323
-0.030749857538905443
-0.030745481901233787
-0.030741107902561324
-0.030736735540938066
-0.030732364814414017
-0.030727995721039094
-0.030723628258863322
-0.030719262425936717
-0.030714898220309244
-0.030710535640030887
-0.030706174683151646
-0.030701815347721473
-0.030697457631790413
-0.0306931015334084
-0.030688747050625464
-0.03068439418149155
-0.03068004292405667
-0.030675693276370805
-0.030671345236483964
-0.030666998802446086
-0.030662653972307233
-0.03065831074411731
-0.03065396911592637
-0.030649629085784367
-0.030645290651741257
-0.030640953811847102
-0.030636618564151827
-0.030632284906705456
-0.030627952837557978
-0.030623622354759374
-0.030619293456359612
-0.030614966140408664
-0.030610640404956577
-0.03060631624805329
-0.030601993667748822
-0.03059767266209314
-0.030593353229136235
-0.030589035366928093
-0.030584719073518715
-0.030580404346958082
-0.030576091185296157
-0.030571779586582967
-0.03056746954886846
-0.03056316107020266
-0.03055885414863555
-0.03055454878221709
-0.030550244968997258
-0.03054594270702611
-0.03054164199435359
-0.030537342829029663
-0.03053304520910433
-0.030528749132627604
-0.03052445459764946
-0.03052016160221986
-0.030515870144388845
-0.030511580222206337
-0.030507291833722364
-0.03050300497698694
-0.03049871965004999
-0.03049443585096151
-0.030490153577771552
-0.030485872828530023
-0.03048159360128694
-0.030477315894092322
-0.030473039704996128
-0.030468765032048338
-0.030464491873298947
-0.030460220226797948
-0.030455950090595322
-0.030451681462741072
-0.03044741434128517
-0.030443148724277596
-0.030438884609768346
-0.030434621995807418
-0.030430360880444783
-0.030426101261730447
-0.03042184313771437
-0.03041758650644658
-0.030413331365977046
-0.03040907771435571
-0.030404825549632607
-0.030400574869857734
-0.030396325673081048
-0.03039207795735255
-0.03038783172072224
-0.030383586961240095
-0.030379343676956095
-0.030375101865920226
-0.030370861526182475
-0.030366622655792874
-0.030362385252801313
-0.030358149315257887
-0.030353914841212505
-0.030349681828715187
-0.03034545027581593
-0.030341220180564715
-0.03033699154101151
-0.030332764355206314
-0.03032853862119912
-0.030324314337039915
-0.030320091500778683
-0.03031587011046539
-0.03031165016415009
-0.030307431659882682
-0.03030321459571323
-0.030298998969691678
-0.030294784779868
-0.03029057202429223
-0.03028636070101433
-0.03028215080808432
-0.030277942343552123
-0.030273735305467737
-0.030269529691881215
-0.030265325500842467
-0.030261122730401564
-0.030256921378608408
-0.03025272144351301
-0.030248522923165426
-0.030244325815615567
-0.03024013011891341
-0.03023593583110899
-0.03023174295025228
-0.030227551474393297
-0.030223361401581963
-0.0302191727298683
-0.030214985457302293
-0.030210799581933973
-0.03020661510181325
-0.030202432014990156
-0.03019825031951467
-0.03019407001343678
-0.030189891094806458
-0.030185713561673728
-0.030181537412088535
-0.030177362644100904
-0.030173189255760798
-0.030169017245118206
-0.030164846610223155
-0.03016067734912555
-0.030156509459875455
-0.03015234294052282
-0.03014817778911764
-0.030144014003709925
-0.030139851582349653
-0.030135690523086768
-0.03013153082397129
-0.030127372483053225
-0.030123215498382525
-0.030119059868009168
-0.030114905589983202
-0.03011075266235491
-0.030106601083175904
-0.03010245085049807
-0.030098301962373418
-0.030094154416853803
-0.030090008211991252
-0.03008586334583763
-0.030081719816444877
-0.030077577621864932
-0.030073436760149737
-0.030069297229351245
-0.030065159027521337
-0.03006102215271199
-0.03005688660297513
-0.03005275237636268
-0.030048619470926595
-0.030044487884718783
-0.030040357615791182
-0.03003622866219574
-0.030032101021984402
-0.030027974693209038
-0.03002384967392166
-0.03001972596217416
-0.03001560355601848
-0.03001148245350656
-0.03000736265269033
-0.030003244151621703
-0.029999126948352647
-0.029995011040935073
-0.02999089642742093
-0.029986783105862128
-0.029982671074310636
-0.029978560330818336
-0.029974450873437218
-0.029970342700219237
-0.029966235809216195
-0.02996213019848017
-0.029958025866063036
-0.029953922810016714
-0.02994982102839313
-0.029945720519244254
-0.029941621280622034
-0.02993752331057835
-0.029933426607165158
-0.029929331168434426
-0.02992523699243805
-0.029921144077227926
-0.02991705242085605
-0.029912962021374383
-0.02990887287683476
-0.029904784985289215
-0.029900698344789593
-0.029896612953387903
-0.029892528809136048
-0.029888445910085923
-0.02988436425428953
-0.02988028383979876
-0.02987620466466557
-0.029872126726941884
-0.02986805002467962
-0.029863974555930713
-0.029859900318747117
-0.02985582731118077
-0.029851755531283577
-0.02984768497710753
-0.029843615646704465
-0.029839547538126402
-0.029835480649425247
-0.029831414978652923
-0.029827350523861377
-0.029823287283102524
-0.029819225254428337
-0.02981516443589072
-0.0298111048255416
-0.029807046421432948
-0.029802989221616647
-0.029798933224144664
-0.029794878427068933
-0.02979082482844133
-0.0297867724263139
-0.029782721218738487
-0.029778671203767076
-0.02977462237945154
-0.02977057474384386
-0.02976652829499598
-0.02976248303095979
-0.02975843894978726
-0.029754396049530313
-0.029750354328240886
-0.02974631378397089
-0.029742274414772285
-0.029738236218696985
-0.029734199193796967
-0.02973016333812411
-0.029726128649730368
-0.029722095126667698
-0.02971806276698799
-0.02971403156874321
-0.02971000152998527
-0.029705972648766153
-0.0297019449231377
-0.029697918351151945
-0.029693892930860756
-0.029689868660316126
-0.029685845537569918
-0.0296818235606741
-0.02967780272768063
-0.02967378303664137
-0.029669764485608336
-0.029665747072633405
-0.029661730795768542
-0.029657715653065655
-0.029653701642576732
-0.029649688762353642
-0.029645677010448356
-0.029641666384912807
-0.029637656883798876
-0.029633648505158577
-0.029629641247043773
-0.029625635107506473
-0.029621630084598543
-0.02961762617637192
-0.029613623380878605
-0.02960962169617047
-0.029605621120299463
-0.029601621651317526
-0.02959762328727658
-0.029593626026228555
-0.02958962986622541
-0.029585634805319044
-0.029581640841561434
-0.029577647973004502
-0.02957365619770015
-0.029569665513700355
-0.029565675919056993
-0.02956168741182204
-0.02955769999004744
-0.029553713651785104
-0.029549728395086964
-0.02954574421800498
-0.02954176111859107
-0.029537779094897115
-0.02953379814497516
-0.02952981826687703
-0.029525839458654737
-0.029521861718360146
-0.029517885044045282
-0.029513909433762
-0.029509934885562233
-0.029505961397497976
-0.029501988967621122
-0.02949801759398359
-0.02949404727463736
-0.029490078007634316
-0.029486109791026442
-0.029482142622865623
-0.029478176501203816
-0.029474211424092962
-0.02947024738958498
-0.029466284395731825
-0.029462322440585394
-0.029458361522197635
-0.02945440163862053
-0.029450442787905942
-0.02944648496810574
-0.02944252817727186
-0.029438572413456078
-0.029434617674710308
-0.029430663959086372
-0.0294267112646362
-0.02942275958941159
-0.029418808931464445
-0.029414859288846556
-0.029410910659609907
-0.029406963041806265
-0.02940301643348753
-0.029399070832705543
-0.029395126237512167
-0.029391182645959316
-0.029387240056098798
-0.029383298465982498
-0.029379357873662276
-0.029375418277189962
-0.029371479674617455
-0.029367542063996603
-0.029363605443379303
-0.029359669810817394
-0.029355735164362712
-0.029351801502067145
-0.02934786882198255
-0.029343937122160792
-0.029340006400653755
-0.029336076655513264
-0.029332147884791184
-0.029328220086539403
-0.02932429325880978
-0.029320367399654153
-0.029316442507124407
-0.029312518579272397
-0.029308595614150012
-0.029304673609809075
-0.029300752564301445
-0.029296832475679026
-0.02929291334199354
-0.029288995161296807
-0.029285077931640598
-0.029281161651076727
-0.029277246317656914
-0.029273331929432954
-0.02926941848445665
-0.029265505980779736
-0.029261594416454095
-0.029257683789531374
-0.029253774098063418
-0.029249865340102012
-0.029245957513698916
-0.02924205061690593
-0.02923814464777481
-0.02923423960435735
-0.02923033548470529
-0.029226432286870458
-0.029222530008904627
-0.02921862864885959
-0.02921472820478709
-0.029210828674738898
-0.02920693005676683
-0.02920303234892264
-0.029199135549258112
-0.02919523965582506
-0.029191344666675213
-0.029187450579860354
-0.029183557393432282
-0.029179665105442804
-0.029175773713943653
-0.02917188321698662
-0.02916799361262349
-0.029164104898906
-0.029160217073886042
-0.02915633013561528
-0.02915244408214549
-0.029148558911528562
-0.02914467462181618
-0.029140791211060165
-0.02913690867731228
-0.029133027018624306
-0.029129146233048003
-0.029125266318635157
-0.029121387273437608
-0.029117509095507085
-0.029113631782895364
-0.02910975533365419
-0.029105879745835412
-0.029102005017490766
-0.029098131146672063
-0.02909425813143104
-0.02909038596981954
-0.029086514659889273
-0.029082644199692045
-0.029078774587279654
-0.029074905820703836
-0.029071037898016405
-0.029067170817269145
-0.029063304576513807
-0.02905943917380218
-0.02905557460718607
-0.029051710874717217
-0.029047847974447406
-0.02904398590442843
-0.02904012466271206
-0.029036264247350136
-0.02903240465639433
-0.02902854588789648
-0.02902468793990837
-0.02902083081048174
-0.02901697449766839
-0.02901311899952014
-0.029009264314088727
-0.02900541043942594
-0.029001557373583554
-0.028997705114613317
-0.028993853660567073
-0.028990003009496567
-0.028986153159453562
-0.028982304108489867
-0.028978455854657265
-0.028974608396007476
-0.028970761730592362
-0.028966915856463653
-0.02896307077167315
-0.028959226474272595
-0.028955382962313793
-0.028951540233848553
-0.028947698286928582
-0.028943857119605728
-0.028940016729931732
-0.0289361771159584
-0.028932338275737456
-0.02892850020732073
-0.02892466290876006
-0.028920826378107067
-0.028916990613413643
-0.02891315561273152
-0.028909321374112534
-0.028905487895608425
-0.028901655175270956
-0.028897823211151943
-0.02889399200130315
-0.028890161543776355
-0.028886331836623317
-0.028882502877895826
-0.0288786746656457
-0.02887484719792469
-0.028871020472784528
-0.0288671944882771
-0.028863369242454095
-0.02885954473336732
-0.028855720959068534
-0.02885189791760957
-0.028848075607042157
-0.02884425402541868
-0.028840433170793767
-0.02883661304122266
-0.028832793634760573
-0.028828974949462762
-0.028825156983384424
-0.028821339734580786
-0.02881752320110714
-0.02881370738101861
-0.028809892272370505
-0.02880607787321805
-0.02880226418161644
-0.02879845119562092
-0.02879463891328673
-0.028790827332669036
-0.028787016451823143
-0.02878320626880426
-0.028779396781667566
-0.028775587988468344
-0.028771779887261817
-0.02876797247610319
-0.028764165753047695
-0.028760359716150593
-0.02875655436346704
-0.028752749693052353
-0.028748945702961708
-0.028745142391250346
-0.02874133975597349
-0.02873753779518637
-0.028733736506944236
-0.028729935889302265
-0.028726135940315714
-0.02872233665803982
-0.028718538040529824
-0.028714740085840917
-0.02871094279202836
-0.02870714615714735
-0.02870335017925314
-0.028699554856400935
-0.028695760186646
-0.02869196616804355
-0.028688172798648746
-0.028684380076516917
-0.028680587999703223
-0.028676796566262958
-0.028673005774251296
-0.028669215621723476
-0.028665426106734733
-0.028661637227340254
-0.028657848981595336
-0.02865406136755519
-0.02865027438327502
-0.02864648802681003
-0.02864270229621555
-0.02863891718954668
-0.028635132704858735
-0.028631348840206922
-0.028627565593646456
-0.02862378296323258
-0.028620000947020514
-0.028616219543065497
-0.028612438749422747
-0.02860865856414745
-0.028604878985294957
-0.02860110001092034
-0.028597321639078944
-0.028593543867825956
-0.028589766695216606
-0.028585990119306137
-0.028582214138149754
-0.028578438749802672
-0.028574663952320133
-0.02857088974375739
-0.028567116122169663
-0.02856334308561219
-0.028559570632140145
-0.028555798759808786
-0.028552027466673385
-0.028548256750789102
-0.028544486610211223
-0.028540717042994917
-0.028536948047195462
-0.028533179620868078
-0.028529411762067965
-0.028525644468850364
-0.028521877739270514
-0.028518111571383682
-0.028514345963244973
-0.028510580912909752
-0.028506816418433188
-0.02850305247787049
-0.028499289089276906
-0.028495526250707674
-0.02849176396021803
-0.02848800221586317
-0.028484241015698332
-0.028480480357778774
-0.028476720240159688
-0.0284729606608963
-0.028469201618043883
-0.028465443109657623
-0.02846168513379275
-0.028457927688504515
-0.028454170771848107
-0.028450414381878824
-0.02844665851665183
-0.02844290317422236
-0.028439148352645674
-0.028435394049976984
-0.028431640264271498
-0.028427886993584485
-0.028424134235971146
-0.028420381989486727
-0.028416630252186447
-0.028412879022125512
-0.028409128297359167
-0.028405378075942646
-0.028401628355931168
-0.02839787913538
-0.028394130412344322
-0.028390382184879354
-0.028386634451040383
-0.028382887208882594
-0.02837914045646122
-0.028375394191831473
-0.02837164841304863
-0.028367903118167878
-0.02836415830524445
-0.0283604139723336
-0.028356670117490528
-0.028352926738770472
-0.028349183834228655
-0.028345441401920312
-0.028341699439900683
-0.02833795794622497
-0.02833421691894842
-0.028330476356126264
-0.02832673625581373
-0.028322996616065996
-0.028319257434938343
-0.028315518710486026
-0.028311780440764215
-0.028308042623828134
-0.028304305257733062
-0.028300568340534186
-0.028296831870286775
-0.028293095845046017
-0.028289360262867158
-0.02828562512180541
-0.02828189041991605
-0.028278156155254235
-0.028274422325875247
-0.02827068892983428
-0.028266955965186604
-0.0282632234299874
-0.02825949132229191
-0.028255759640155385
-0.028252028381633047
-0.0282482975447801
-0.028244567127651797
-0.02824083712830334
-0.02823710754479001
-0.028233378375166977
-0.02822964961748949
-0.02822592126981278
-0.028222193330192068
-0.028218465796682596
-0.028214738667339607
-0.028211011940218297
-0.028207285613373892
-0.02820355968486161
-0.028199834152736712
-0.028196109015054448
-0.028192384269869992
-0.028188659915238577
-0.02818493594921547
-0.02818121236985588
-0.028177489175215023
-0.02817376636334816
-0.02817004393231047
-0.0281663218801572
-0.028162600204943617
-0.028158878904724877
-0.0281551579775563
-0.028151437421493043
-0.028147717234590343
-0.028143997414903452
-0.02814027796048756
-0.02813655886939796
-0.028132840139689825
-0.0281291217694184
-0.02812540375663892
-0.028121686099406587
-0.02811796879577667
-0.028114251843804342
-0.0281105352415449
-0.028106818987053517
-0.028103103078385473
-0.028099387513595916
-0.028095672290740187
-0.028091957407873385
-0.028088242863050845
-0.02808452865432775
-0.028080814779759312
-0.02807710123740078
-0.028073388025307393
-0.028069675141534335
-0.028065962584136923
-0.028062250351170288
-0.028058538440689736
-0.028054826850750406
-0.028051115579407624
-0.02804740462471655
-0.028043693984732443
-0.028039983657510533
-0.028036273641105995
-0.028032563933574166
-0.028028854532970167
-0.028025145437349262
-0.02802143664476671
-0.02801772815327772
-0.02801401996093749
-0.02801031206580127
-0.028006604465924314
-0.028002897159361835
-0.02799919014416901
-0.027995483418401135
-0.02799177698011342
-0.027988070827361097
-0.027984364958199365
-0.027980659370683482
-0.027976954062868653
-0.027973249032810118
-0.027969544278563133
-0.027965839798182863
-0.027962135589724605
-0.027958431651243548
-0.02795472798079495
-0.027951024576433968
-0.02794732143621592
-0.027943618558195944
-0.027939915940429383
-0.027936213580971356
-0.02793251147787714
-0.02792880962920196
-0.027925108033001054
-0.027921406687329613
-0.027917705590242918
-0.027914004739796165
-0.027910304134044574
-0.027906603771043408
-0.027902903648847857
-0.02789920376551315
-0.027895504119094562
-0.027891804707647256
-0.027888105529226527
-0.027884406581887553
-0.0278807078636856
-0.027877009372675864
-0.027873311106913587
-0.027869613064454003
-0.027865915243352288
-0.027862217641663762
-0.027858520257443606
-0.027854823088747045
-0.027851126133629278
-0.027847429390145576
-0.027843732856351184
-0.0278400365303013
-0.02783634041005115
-0.027832644493655974
-0.027828948779170977
-0.027825253264651413
-0.027821557948152505
-0.02781786282772945
-0.027814167901437474
-0.02781047316733179
-0.027806778623467553
-0.02780308426790007
-0.027799390098684453
-0.027795696113875973
-0.02779200231152982
-0.027788308689701224
-0.027784615246445366
-0.02778092197981747
-0.02777722888787272
-0.02777353596866636
-0.027769843220253592
-0.02776615064068962
-0.027762458228029637
-0.027758765980328882
-0.027755073895642534
-0.027751381972025833
-0.027747690207533992
-0.0277439986002222
-0.02774030714814461
-0.02773661584935127
-0.027732924701891093
-0.027729233703813125
-0.027725542853166255
-0.027721852147999448
-0.027718161586361742
-0.027714471166302004
-0.02771078088586929
-0.027707090743112495
-0.027703400736080637
-0.02769971086282266
-0.02769602112138752
-0.027692331509824197
-0.02768864202618165
-0.027684952668508837
-0.027681263434854726
-0.027677574323268304
-0.027673885331798487
-0.027670196458494303
-0.027666507701404688
-0.02766281905857858
-0.027659130528064985
-0.027655442107912865
-0.02765175379617114
-0.027648065590888834
-0.02764437749011486
-0.027640689491898247
-0.027637001594287905
-0.02763331379533281
-0.027629626093081935
-0.027625938485584263
-0.027622250970888704
-0.027618563547044277
-0.02761487621209996
-0.027611188964104666
-0.02760750180110737
-0.02760381472115707
-0.02760012772230269
-0.027596440802593204
-0.027592753960077602
-0.027589067192804857
-0.027585380498823905
-0.027581693876183717
-0.027578007322933272
-0.027574320837121507
-0.027570634416797406
-0.02756694806000994
-0.02756326176480805
-0.02755957552924074
-0.02755588935135691
-0.02755220322920561
-0.027548517160835773
-0.027544831144296317
-0.027541145177636273
-0.027537459258904568
-0.027533773386150165
-0.02753008755742207
-0.027526401770769218
-0.027522716024240546
-0.027519030315885054
-0.02751534464375172
-0.027511659005889488
-0.027507973400347312
-0.02750428782517419
-0.027500602278419082
-0.0274969167581309
-0.02749323126235867
-0.027489545789151346
-0.02748586033655788
-0.02748217490262721
-0.027478489485408583
-0.02747480408295198
-0.027471118693307598
-0.027467433314525676
-0.027463747944656492
-0.027460062581750194
-0.027456377223857062
-0.02745269186902732
-0.02744900651531115
-0.027445321160758828
-0.027441635803420582
-0.027437950441346576
-0.027434265072587113
-0.0274305796951924
-0.027426894307212624
-0.027423208906698054
-0.027419523491698895
-0.02741583806026535
-0.02741215261044767
-0.027408467140296114
-0.027404781647860876
-0.02740109613119217
-0.027397410588340276
-0.027393725017355347
-0.027390039416287683
-0.02738635378318742
-0.02738266811610488
-0.027378982413090204
-0.027375296672193676
-0.02737161089146552
-0.027367925068955936
-0.027364239202715187
-0.027360553290793458
-0.02735686733124101
-0.027353181322108008
-0.027349495261444767
-0.027345809147301465
-0.027342122977728343
-0.027338436750775595
-0.02733475046449348
-0.02733106411693221
-0.02732737770614201
-0.027323691230173135
-0.027320004687075777
-0.02731631807490018
-0.027312631391696544
-0.02730894463551513
-0.027305257804406152
-0.02730157089641984
-0.02729788390960642
-0.027294196842016106
-0.02729050969169914
-0.02728682245670572
-0.027283135135086126
-0.02727944772489052
-0.02727576022416919
-0.027272072630972314
-0.02726838494335015
-0.027264697159352886
-0.027261009277030804
-0.027257321294434075
-0.027253633209612976
-0.027249945020617696
-0.027246256725498463
-0.027242568322305545
-0.02723887980908913
-0.027235191183899422
-0.027231502444786736
-0.02722781358980117
-0.027224124616993067
-0.027220435524412605
-0.027216746310110004
-0.027213056972135486
-0.027209367508539316
-0.027205677917371676
-0.027201988196682788
-0.027198298344522948
-0.027194608358942315
-0.027190918237991135
-0.02718722797971966
-0.02718353758217807
-0.027179847043416586
-0.02717615636148554
-0.027172465534435013
-0.02716877456031531
-0.0271650834371767
-0.027161392163069276
-0.027157700736043396
-0.027154009154149183
-0.027150317415436966
-0.02714662551795695
-0.02714293345975927
-0.027139241238894236
-0.027135548853412055
-0.027131856301362934
-0.027128163580797157
-0.027124470689764885
-0.02712077762631638
-0.02711708438850184
-0.027113390974371522
-0.02710969738197564
-0.027106003609364417
-0.027102309654588094
-0.02709861551569688
-0.027094921190741018
-0.027091226677770704
-0.027087531974836206
-0.027083837079987724
-0.027080141991275484
-0.0270764467067497
-0.027072751224460647
-0.0270690555424585
-0.027065359658793513
-0.02706166357151592
-0.02705796727867592
-0.02705427077832377
-0.02705057406850964
-0.02704687714728383
-0.027043180012696528
-0.027039482662797976
-0.027035785095638372
-0.027032087309267955
-0.027028389301736965
-0.027024691071095626
-0.02702099261539413
-0.02701729393268276
-0.027013595021011683
-0.0270098958784312
-0.027006196502991464
-0.027002496892742752
-0.02699879704573524
-0.026995096960019203
-0.02699139663364485
-0.026987696064662416
-0.02698399525112208
-0.02698029419107415
-0.02697659288256877
-0.02697289132365624
-0.02696918951238672
-0.0269654874468105
-0.02696178512497776
-0.02695808254493874
-0.02695437970474363
-0.026950676602442734
-0.026946973236086205
-0.02694326960372435
-0.026939565703407335
-0.026935861533185373
-0.026932157091108723
-0.026928452375227636
-0.026924747383592285
-0.026921042114252912
-0.026917336565259756
-0.026913630734663057
-0.026909924620512973
-0.026906218220859826
-0.026902511533753767
-0.02689880455724512
-0.02689509728938396
-0.02689138972822062
-0.02688768187180533
-0.02688397371818824
-0.02688026526541964
-0.026876556511549767
-0.026872847454628812
-0.026869138092707023
-0.026865428423834607
-0.026861718446061802
-0.02685800815743883
-0.026854297556015896
-0.02685058663984326
-0.026846875406971143
-0.02684316385544977
-0.026839451983329363
-0.026835739788660117
-0.026832027269492357
-0.026828314423876214
-0.02682460124986192
-0.026820887745499733
-0.02681717390883989
-0.026813459737932564
-0.02680974523082804
-0.026806030385576555
-0.026802315200228258
-0.02679859967283343
-0.02679488380144226
-0.026791167584105033
-0.026787451018871956
-0.026783734103793203
-0.026780016836919045
-0.026776299216299714
-0.026772581239985424
-0.026768862906026408
-0.026765144212472874
-0.026761425157375077
-0.026757705738783215
-0.026753985954747535
-0.02675026580331827
-0.02674654528254561
-0.026742824390479827
-0.02673910312517109
-0.02673538148466968
-0.026731659467025805
-0.026727937070289687
-0.02672421429251155
-0.026720491131741648
-0.026716767586030164
-0.026713043653427356
-0.026709319331983436
-0.026705594619748627
-0.02670186951477316
-0.026698144015107266
-0.026694418118801185
-0.026690691823905134
-0.026686965128469332
-0.026683238030543975
-0.02667951052817933
-0.026675782619425655
-0.0266720543023331
-0.02666832557495193
-0.026664596435332366
-0.02666086688152464
-0.02665713691157898
-0.026653406523545597
-0.026649675715474774
-0.026645944485416642
-0.026642212831421527
-0.026638480751539573
-0.026634748243821033
-0.02663101530631616
-0.026627281937075125
-0.026623548134148252
-0.02661981389558567
-0.02661607921943762
-0.026612344103754394
-0.02660860854658615
-0.02660487254598313
-0.02660113609999556
-0.026597399206673714
-0.02659366186406775
-0.0265899240702279
-0.026586185823204458
-0.026582447121047615
-0.026578707961807592
-0.026574968343534573
-0.02657122826427884
-0.026567487722090603
-0.026563746715020098
-0.02656000524111753
-0.026556263298433143
-0.026552520885017177
-0.026548777998919804
-0.026545034638191318
-0.026541290800881908
-0.02653754648504178
-0.026533801688721215
-0.02653005640997042
-0.02652631064683955
-0.026522564397378986
-0.026518817659638785
-0.026515070431669306
-0.02651132271152068
-0.026507574497243197
-0.02650382578688703
-0.026500076578502497
-0.026496326870139718
-0.026492576659848974
-0.02648882594568047
-0.026485074725684458
-0.026481322997911148
-0.026477570760410764
-0.026473818011233545
-0.026470064748429684
-0.02646631097004947
-0.026462556674143076
-0.026458801858760775
-0.026455046521952717
-0.026451290661769204
-0.026447534276260426
-0.026443777363476608
-0.026440019921468008
-0.026436261948284818
-0.026432503441977277
-0.026428744400595613
-0.026424984822190044
-0.0264212247048108
-0.026417464046508125
-0.026413702845332225
-0.02640994109933332
-0.02640617880656168
-0.02640241596506747
-0.026398652572900937
-0.02639488862811234
-0.02639112412875188
-0.02638735907286978
-0.026383593458516295
-0.026379827283741605
-0.026376060546595966
-0.026372293245129585
-0.02636852537739272
-0.026364756941435575
-0.026360987935308368
-0.02635721835706138
-0.026353448204744764
-0.02634967747640876
-0.026345906170103635
-0.0263421342838796
-0.026338361815786877
-0.02633458876387566
-0.02633081512619625
-0.02632704090079876
-0.026323266085733543
-0.026319490679050768
-0.02631571467880063
-0.026311938083033413
-0.02630816088979931
-0.026304383097148547
-0.026300604703131347
-0.026296825705797985
-0.026293046103198645
-0.026289265893383512
-0.02628548507440289
-0.026281703644306986
-0.026277921601145993
-0.026274138942970184
-0.02627035566782974
-0.02626657177377493
-0.026262787258855932
-0.026259002121122987
-0.026255216358626352
-0.02625142996941626
-0.026247642951542895
-0.02624385530305649
-0.026240067022007284
-0.026236278106445503
-0.026232488554421368
-0.02622869836398512
-0.026224907533186955
-0.026221116060077137
-0.026217323942705883
-0.026213531179123385
-0.0262097377673799
-0.026205943705525685
-0.026202148991610896
-0.026198353623685815
-0.026194557599800633
-0.026190760918005606
-0.026186963576350926
-0.02618316557288685
-0.026179366905663602
-0.026175567572731408
-0.026171767572140448
-0.026167966901941044
-0.0261641655601833
-0.026160363544917558
-0.02615656085419398
-0.026152757486062803
-0.026148953438574256
-0.02614514870977857
-0.026141343297725973
-0.02613753720046668
-0.026133730416050948
-0.026129922942528954
-0.026126114777950942
-0.02612230592036718
-0.026118496367827856
-0.02611468611838317
-0.026110875170083394
-0.026107063520978767
-0.026103251169119455
-0.026099438112555735
-0.026095624349337793
-0.02609180987751591
-0.02608799469514025
-0.026084178800261117
-0.026080362190928665
-0.026076544865193146
-0.026072726821104796
-0.026068908056713833
-0.026065088570070456
-0.026061268359224954
-0.026057447422227497
-0.026053625757128336
-0.0260498033619777
-0.02604598023482581
-0.026042156373722893
-0.026038331776719187
-0.02603450644186489
-0.02603068036721022
-0.026026853550805456
-0.02602302599070078
-0.026019197684946455
-0.02601536863159267
-0.026011538828689677
-0.026007708274287698
-0.026003876966436936
-0.026000044903187667
-0.02599621208259007
-0.025992378502694397
-0.02598854416155084
-0.025984709057209687
-0.02598087318772113
-0.02597703655113538
-0.02597319914550267
-0.02596936096887325
-0.025965522019297294
-0.025961682294825112
-0.02595784179350685
-0.02595400051339278
-0.025950158452533144
-0.025946315608978098
-0.025942471980777936
-0.025938627565982857
-0.025934782362643075
-0.025930936368808864
-0.025927089582530382
-0.025923242001857923
-0.02591939362484165
-0.02591554444953183
-0.025911694473978706
-0.025907843696232464
-0.02590399211434333
-0.025900139726361553
-0.025896286530337386
-0.025892432524321073
-0.025888577706362947
-0.025884722074513245
-0.02588086562682231
-0.02587700836134044
-0.025873150276117935
-0.025869291369205048
-0.02586543163865211
-0.02586157108250942
-0.02585770969882726
-0.025853847485655907
-0.025849984441045692
-0.025846120563046866
-0.02584225584970978
-0.025838390299084687
-0.025834523909221918
-0.025830656678171696
-0.025826788603984404
-0.02582291968471032
-0.025819049918399662
-0.02581517930310282
-0.025811307836870044
-0.025807435517751644
-0.025803562343797912
-0.025799688313059125
-0.025795813423585605
-0.02579193767342764
-0.025788061060635515
-0.025784183583259516
-0.025780305239349974
-0.025776426026957164
-0.02577254594413139
-0.02576866498892291
-0.025764783159382073
-0.025760900453559134
-0.025757016869504414
-0.025753132405268178
-0.02574924705890076
-0.025745360828452423
-0.02574147371197349
-0.02573758570751425
-0.025733696813124977
-0.025729807026855993
-0.02572591634675757
-0.025722024770880023
-0.025718132297273613
-0.025714238923988712
-0.0257103446490755
-0.025706449470584387
-0.025702553386565567
-0.02569865639506942
-0.025694758494146215
-0.025690859681846687
-0.02568695995622342
-0.025683059315329496
-0.025679157757217897
-0.025675255279941727
-0.025671351881553964
-0.025667447560107696
-0.02566354231365597
-0.02565963614025181
-0.02565572903794825
-0.025651821004798327
-0.0256479120388551
-0.025644002138171623
-0.025640091300800954
-0.025636179524796077
-0.025632266808210066
-0.02562835314909595
-0.025624438545506785
-0.02562052299549562
-0.02561660649711549
-0.025612689048419443
-0.025608770647460522
-0.025604851292291717
-0.02560093098096613
-0.025597009711536795
-0.02559308748205673
-0.025589164290579013
-0.025585240135156652
-0.025581315013842743
-0.025577388924690247
-0.025573461865752257
-0.02556953383508181
-0.025565604830731968
-0.025561674850755705
-0.025557743893206163
-0.025553811956136267
-0.025549879037599175
-0.025545945135647855
-0.02554201024833537
-0.025538074373714803
-0.025534137509839083
-0.02553019965476138
-0.025526260806534654
-0.025522320963211994
-0.025518380122846428
-0.025514438283490957
-0.025510495443198698
-0.02550655160002265
-0.025502606752015818
-0.02549866089723134
-0.02549471403372218
-0.025490766159541434
-0.02548681727274207
-0.025482867371377192
-0.02547891645349984
-0.02547496451716304
-0.025471011560419848
-0.025467057581323265
-0.02546310257792639
-0.02545914654828221
-0.02545518949044383
-0.025451231402464233
-0.0254472722823965
-0.02544331212829363
-0.025439350938208746
-0.02543538871019479
-0.025431425442304895
-0.025427461132592026
-0.025423495779109278
-0.025419529379909694
-0.025415561933046265
-0.025411593436572066
-0.02540762388854017
-0.02540365328700357
-0.02539968163001531
-0.02539570891562849
-0.02539173514189609
-0.025387760306871177
-0.025383784408606797
-0.025379807445155975
-0.025375829414571786
-0.02537185031490722
-0.025367870144215363
-0.025363888900549237
-0.025359906581961897
-0.025355923186506372
-0.025351938712235747
-0.025347953157202986
-0.02534396651946119
-0.02533997879706339
-0.025335989988062618
-0.025332000090511935
-0.025328009102464376
-0.025324017021972945
-0.02532002384709071
-0.02531602957587076
-0.025312034206366074
-0.025308037736629752
-0.025304040164714745
-0.025300041488674208
-0.0252960417065611
-0.02529204081642847
-0.025288038816329406
-0.02528403570431694
-0.025280031478444067
-0.02527602613676387
-0.025272019677329394
-0.025268012098193657
-0.025264003397409737
-0.025259993573030645
-0.02525598262310941
-0.025251970545699134
-0.025247957338852798
-0.02524394300062347
-0.0252399275290642
-0.02523591092222803
-0.02523189317816793
-0.025227874294937083
-0.02522385427058841
-0.025219833103175018
-0.025215810790749922
-0.025211787331366163
-0.025207762723076784
-0.02520373696393487
-0.025199710051993382
-0.02519568198530543
-0.025191652761924015
-0.02518762237990222
-0.025183590837293057
-0.02517955813214959
-0.025175524262524823
-0.02517148922647184
-0.02516745302204366
-0.02516341564729333
-0.025159377100273887
-0.025155337379038398
-0.025151296481639877
-0.025147254406131365
-0.025143211150565954
-0.025139166712996597
-0.025135121091476406
-0.025131074284058426
-0.025127026288795665
-0.025122977103741166
-0.025118926726947995
-0.02511487515646918
-0.025110822390357765
-0.0251067684266668
-0.02510271326344932
-0.02509865689875836
-0.025094599330646956
-0.02509054055716819
-0.025086480576375046
-0.02508241938632064
-0.025078356985057965
-0.02507429337064006
-0.02507022854111997
-0.02506616249455077
-0.025062095228985462
-0.025058026742477105
-0.025053957033078722
-0.025049886098843413
-0.025045813937824176
-0.02504174054807403
-0.02503766592764605
-0.025033590074593298
-0.025029512986968767
-0.02502543466282553
-0.025021355100216653
-0.025017274297195136
-0.02501319225181398
-0.025009108962126346
-0.02500502442618518
-0.025000938642043675
-0.024996851607755364
-0.024992763321373845
-0.02498867378095279
-0.02498458298454588
-0.024980490930206718
-0.024976397615988948
-0.024972303039946218
-0.02496820720013217
-0.024964110094600422
-0.02496001172140465
-0.024955912078598482
-0.024951811164235546
-0.024947708976369536
-0.024943605513054037
-0.0249395007723427
-0.02493539475228921
-0.02493128745094714
-0.024927178866370202
-0.024923068996611987
-0.024918957839726193
-0.024914845393766392
-0.024910731656786284
-0.024906616626839476
-0.0249025003019796
-0.02489838268026035
-0.024894263759735302
-0.024890143538458174
-0.024886022014482558
-0.02488189918586211
-0.024877775050650443
-0.024873649606901263
-0.024869522852668153
-0.02486539478600476
-0.024861265404964767
-0.024857134707601782
-0.024853002691969463
-0.02484886935612143
-0.02484473469811135
-0.024840598715992854
-0.024836461407819598
-0.024832322771645203
-0.024828182805523322
-0.02482404150750759
-0.024819898875651645
-0.024815754908009156
-0.02481160960263375
-0.02480746295757906
-0.02480331497089874
-0.02479916564064643
-0.02479501496487575
-0.024790862941640374
-0.02478670956899394
-0.02478255484499008
-0.024778398767682428
-0.024774241335124625
-0.02477008254537034
-0.024765922396473225
-0.024761760886486864
-0.02475759801346494
-0.024753433775461093
-0.02474926817052894
-0.024745101196722158
-0.02474093285209437
-0.024736763134699215
-0.024732592042590443
-0.02472841957382227
-0.024724245726448924
-0.024720070498524704
-0.024715893888103913
-0.024711715893240813
-0.024707536511989713
-0.02470335574240489
-0.024699173582540607
-0.02469499003045117
-0.02469080508419082
-0.02468661874181391
-0.02468243100137468
-0.024678241860927423
-0.024674051318526413
-0.024669859372225936
-0.02466566602008032
-0.024661471260143755
-0.02465727509047064
-0.024653077509115204
-0.024648878514125085
-0.024644678103521663
-0.02464047627531954
-0.024636273027533514
-0.024632068358178216
-0.02462786226526835
-0.024623654746818605
-0.024619445800843697
-0.024615235425358314
-0.02461102361837713
-0.024606810377914873
-0.024602595701986224
-0.024598379588605848
-0.0245941620357885
-0.02458994304154883
-0.024585722603901555
-0.024581500720861352
-0.024577277390442936
-0.024573052610661
-0.024568826379530204
-0.024564598695065276
-0.0245603695552809
-0.024556138958191816
-0.02455190690181263
-0.024547673384158135
-0.024543438403242974
-0.024539201957081803
-0.02453496404368939
-0.0245307246610804
-0.02452648380726952
-0.024522241480271427
-0.0245179976781009
-0.024513752398772546
-0.024509505640301098
-0.024505257400701225
-0.02450100767798765
-0.024496756470175067
-0.024492503775278153
-0.024488249591311618
-0.02448399391629015
-0.024479736748228446
-0.02447547808516726
-0.024471217925251407
-0.02446695626665181
-0.024462693107539357
-0.024458428446084965
-0.02445416228045953
-0.02444989460883388
-0.024445625429379024
-0.02444135474026578
-0.02443708253966508
-0.024432808825747797
-0.02442853359668486
-0.02442425685064714
-0.024419978585805552
-0.02441569880033098
-0.02441141749239432
-0.024407134660166467
-0.02440285030181832
-0.02439856441552081
-0.024394276999444808
-0.02438998805176118
-0.024385697570640862
-0.024381405554254713
-0.024377112000773703
-0.02437281690836871
-0.024368520275210536
-0.024364222099470187
-0.02435992237931851
-0.024355621112926416
-0.024351318298464788
-0.02434701393410455
-0.024342708018016558
-0.024338400548371567
-0.024334091523339447
-0.0243297809410899
-0.02432546879979267
-0.024321155097617453
-0.024316839832733975
-0.0243125230033119
-0.02430820460752102
-0.02430388464353097
-0.024299563109511486
-0.024295240003632285
-0.024290915324063085
-0.024286589068973602
-0.024282261236533514
-0.024277931824912544
-0.024273600832280418
-0.024269268256806874
-0.024264934096661545
-0.024260598350014193
-0.024256261015034537
-0.024251922089892276
-0.024247581572757127
-0.024243239461798793
-0.024238895755186986
-0.024234550451091397
-0.02423020354768179
-0.02422585504312782
-0.02422150493559926
-0.024217153223265744
-0.024212799904297044
-0.024208444976862822
-0.02420408843914323
-0.02419973028935961
-0.02419537052574387
-0.02419100914652782
-0.024186646149943227
-0.02418228153422197
-0.024177915297595835
-0.02417354743829665
-0.024169177954556222
-0.024164806844606368
-0.024160434106678928
-0.024156059739005704
-0.02415168373981851
-0.024147306107349182
-0.024142926839829534
-0.024138545935491376
-0.024134163392566486
-0.024129779209286762
-0.024125393383883982
-0.02412100591458996
-0.024116616799636538
-0.024112226037255484
-0.02410783362567868
-0.02410343956313789
-0.024099043847864966
-0.0240946464780917
-0.024090247452049955
-0.024085846767971514
-0.024081444424088196
-0.024077040418631814
-0.02407263474983422
-0.024068227415927183
-0.024063818415142563
-0.024059407745712164
-0.0240549954058678
-0.024050581393841308
-0.02404616570786448
-0.024041748346169133
-0.024037329307013494
-0.024032908588761642
-0.024028486189803844
-0.024024062108530614
-0.024019636343332307
-0.024015208892599327
-0.024010779754722093
-0.024006348928090986
-0.024001916411096443
-0.023997482202128845
-0.0239930462995786
-0.023988608701836105
-0.023984169407291783
-0.023979728414336026
-0.02397528572135927
-0.023970841326751858
-0.02396639522890422
-0.023961947426206793
-0.02395749791704997
-0.023953046699824124
-0.023948593772919673
-0.02394413913472702
-0.023939682783636586
-0.023935224718038783
-0.02393076493632398
-0.023926303436882606
-0.02392184021810506
-0.023917375278381756
-0.02391290861610305
-0.023908440229659447
-0.023903970117441234
-0.023899498277838903
-0.0238950247092428
-0.02389054941004336
-0.023886072378630992
-0.023881593613396188
-0.023877113112729782
-0.023872630875022734
-0.02386814689866599
-0.023863661182050477
-0.023859173723567145
-0.023854684521606932
-0.023850193574588573
-0.023845700881041813
-0.023841206439524174
-0.02383671024859322
-0.023832212306806388
-0.02382771261272134
-0.02382321116489554
-0.023818707961886492
-0.023814203002251767
-0.023809696284548883
-0.023805187807335332
-0.023800677569168736
-0.023796165568606538
-0.023791651804206317
-0.02378713627452558
-0.02378261897812186
-0.02377809991355268
-0.023773579079375603
-0.023769056474148127
-0.02376453209642779
-0.02376000594477215
-0.023755478017738682
-0.023750948313884947
-0.02374641683176846
-0.023741883569946786
-0.0237373485269774
-0.023732811701422572
-0.023728273091863115
-0.023723732696884586
-0.023719190515072555
-0.023714646545012524
-0.023710100785290084
-0.023705553234490764
-0.023701003891200067
-0.0236964527540036
-0.023691899821486825
-0.023687345092235357
-0.02368278856483471
-0.023678230237870423
-0.023673670109928033
-0.023669108179593137
-0.023664544445451203
-0.023659978906087814
-0.0236554115600907
-0.02365084240605634
-0.023646271442583324
-0.02364169866827034
-0.023637124081715994
-0.023632547681518977
-0.023627969466277914
-0.02362338943459144
-0.023618807585058244
-0.023614223916276933
-0.023609638426846123
-0.023605051115364494
-0.023600461980430715
-0.02359587102064341
-0.02359127823460126
-0.023586683620902806
-0.02358208717814681
-0.02357748890493185
-0.023572888799856608
-0.023568286861519686
-0.02356368308851977
-0.02355907747945549
-0.02355447003292548
-0.023549860747528427
-0.023545249621862913
-0.02354063665452765
-0.023536021844121208
-0.023531405189248494
-0.023526786688538876
-0.023522166340627974
-0.023517544144151428
-0.023512920097744847
-0.023508294200038866
-0.02350366644964436
-0.023499036845167152
-0.02349440538521313
-0.02348977206838818
-0.023485136893298182
-0.023480499858549005
-0.023475860962746516
-0.0234712202044966
-0.02346657758240514
-0.02346193309507798
-0.023457286741121026
-0.023452638519140145
-0.023447988427741196
-0.023443336465530047
-0.023438682631114444
-0.023434026923109363
-0.023429369340131675
-0.023424709880798197
-0.023420048543725782
-0.023415385327531305
-0.023410720230831537
-0.02340605325224337
-0.023401384390383646
-0.02339671364386921
-0.023392041011316863
-0.02338736649134348
-0.023382690082565907
-0.023378011783600976
-0.023373331593065528
-0.023368649509576445
-0.023363965531750488
-0.02335927965820456
-0.023354591887555502
-0.023349902218420114
-0.02334521064941529
-0.023340517179157833
-0.02333582180626461
-0.02333112452935248
-0.023326425347038222
-0.023321724257967982
-0.023317021260904732
-0.02331231635464076
-0.02330760953799944
-0.02330290080992875
-0.023298190169407828
-0.023293477615415784
-0.023288763146931707
-0.023284046762931613
-0.023279328462379182
-0.023274608244234822
-0.023269886107459146
-0.02326516205101259
-0.023260436073855688
-0.02325570817494895
-0.023250978353252908
-0.023246246607728036
-0.023241512937334875
-0.023236777341033896
-0.023232039817785644
-0.02322730036655064
-0.023222558986289332
-0.0232178156759623
-0.023213070434530008
-0.023208323260953023
-0.023203574154191782
-0.02319882311320685
-0.023194070136958688
-0.023189315224407876
-0.023184558374514847
-0.023179799586240165
-0.023175038858544335
-0.023170276190387827
-0.023165511580731202
-0.023160745028534924
-0.023155976532759536
-0.023151206092365557
-0.02314643370631344
-0.023141659373563793
-0.023136883093077036
-0.0231321048638137
-0.02312732468473433
-0.0231225425547994
-0.023117758472969433
-0.02311297243820493
-0.02310818444946643
-0.023103394505714435
-0.023098602605909416
-0.023093808749011926
-0.023089012933982456
-0.02308421515978152
-0.023079415425369634
-0.023074613729707302
-0.023069810071755036
-0.02306500445047335
-0.023060196864865778
-0.023055387314108073
-0.02305057579741894
-0.02304576231401716
-0.02304094686312151
-0.023036129443950743
-0.023031310055723567
-0.02302648869765878
-0.02302166536897514
-0.023016840068891438
-0.023012012796626322
-0.023007183551398625
-0.023002352332427107
-0.022997519138930472
-0.02299268397012756
-0.022987846825237055
-0.022983007703477727
-0.02297816660406836
-0.0229733235262277
-0.02296847846917449
-0.022963631432127492
-0.022958782414305486
-0.022953931414927183
-0.022949078433211364
-0.022944223468376775
-0.02293936651964219
-0.022934507586226366
-0.022929646667348032
-0.02292478376222598
-0.02291991887007895
-0.022915051990125685
-0.02291018312158496
-0.022905312263675523
-0.022900439415616133
-0.02289556457662556
-0.022890687745922535
-0.0228858089227258
-0.02288092810625417
-0.02287604529572634
-0.02287116049036114
-0.022866273689377253
-0.022861384891993464
-0.022856494097428535
-0.022851601304901187
-0.02284670651363026
-0.02284180972283441
-0.022836910931732447
-0.022832010139543123
-0.022827107345485192
-0.022822202548777395
-0.022817295748638538
-0.022812386944287333
-0.022807476134942505
-0.022802563319822895
-0.02279764849814721
-0.02279273166913419
-0.02278781283200265
-0.02278289198597126
-0.022777969130258847
-0.022773044264084177
-0.02276811738666595
-0.022763188497222923
-0.022758257594973925
-0.022753324679137633
-0.022748389748932844
-0.02274345280357829
-0.022738513842292717
-0.022733572864294962
-0.022728629868803717
-0.02272368485503774
-0.0227187378222158
-0.022713788769556615
-0.022708837696279044
-0.0227038846016017
-0.022698929484743446
-0.022693972344923017
-0.022689013181358648
-0.02268405199326644
-0.022679088779862116
-0.022674123540361343
-0.022669156273979682
-0.02266418697993283
-0.022659215657436428
-0.02265424230570614
-0.02264926692395755
-0.02264428951140636
-0.022639310067268215
-0.022634328590758736
-0.02262934508109357
-0.022624359537488408
-0.02261937195915883
-0.022614382345320528
-0.02260939069518915
-0.02260439700798029
-0.02259940128290968
-0.022594403519192875
-0.02258940371604556
-0.022584401872683395
-0.022579397988322033
-0.0225743920621771
-0.022569384093464227
-0.02256437408139908
-0.022559362025197306
-0.02255434792407454
-0.022549331777246457
-0.02254431358392867
-0.02253929334333684
-0.0225342710546866
-0.022529246717193606
-0.022524220330073536
-0.02251919189254198
-0.0225141614038146
-0.02250912886310705
-0.022504094269635008
-0.02249905762261406
-0.022494018921259896
-0.022488978164788155
-0.022483935352414455
-0.022478890483354486
-0.022473843556823858
-0.02246879457203823
-0.022463743528213256
-0.02245869042456454
-0.02245363526030782
-0.022448578034658627
-0.022443518746832734
-0.022438457396045663
-0.022433393981513138
-0.022428328502450776
-0.022423260958071695
-0.022418191347578883
-0.022413119670172753
-0.022408045925053754
-0.022402970111422348
-0.02239789222847897
-0.02239281227542402
-0.022387730251458016
-0.022382646155781317
-0.02237755998759444
-0.02237247174609774
-0.022367381430491717
-0.02236228903997681
-0.02235719457375344
-0.022352098031022068
-0.022346999410983125
-0.022341898712837042
-0.02233679593578427
-0.022331691079025266
-0.022326584141760423
-0.022321475123190215
-0.02231636402251509
-0.02231125083893549
-0.022306135571651807
-0.022301018219864643
-0.022295898782774878
-0.022290777259583477
-0.02228565364949146
-0.02228052795169985
-0.022275400165409617
-0.022270270289821748
-0.022265138324137256
-0.022260004267557153
-0.0222548681192824
-0.022249729878514018
-0.02224458954445301
-0.022239447116300368
-0.02223430259326531
-0.02222915597459006
-0.022224007259525037
-0.022218856447320707
-0.02221370353722753
-0.022208548528495853
-0.022203391420376202
-0.02219823221211901
-0.022193070902974656
-0.022187907492193668
-0.022182741979026404
-0.022177574362723364
-0.022172404642534997
-0.02216723281771165
-0.022162058887503857
-0.022156882851162022
-0.022151704707936603
-0.022146524457078022
-0.022141342097836695
-0.022136157629463134
-0.022130971051207714
-0.022125782362318838
-0.022120591562036742
-0.022115398649600163
-0.022110203624247777
-0.02210500648521843
-0.022099807231750857
-0.022094605863083802
-0.022089402378456125
-0.022084196777106522
-0.02207898905827384
-0.022073779221196778
-0.022068567265114154
-0.022063353189264723
-0.022058136992887275
-0.022052918675220592
-0.02204769823550342
-0.022042475672974578
-0.022037250986872776
-0.02203202417643683
-0.0220267952409055
-0.0220215641795176
-0.022016330991511856
-0.022011095676127055
-0.022005858232601972
-0.02200061866017539
-0.021995376958087134
-0.021990133125581155
-0.021984887161902444
-0.021979639066296047
-0.02197438883800694
-0.02196913647628018
-0.02196388198036075
-0.02195862534949362
-0.021953366582923888
-0.021948105679896468
-0.021942842639656433
-0.021937577461448785
-0.021932310144518546
-0.02192704068811065
-0.0219217690914702
-0.021916495353842158
-0.02191121947447152
-0.021905941452635923
-0.021900661287743154
-0.02189537897923367
-0.02189009452654786
-0.02188480792912617
-0.021879519186409024
-0.021874228297836782
-0.02186893526284991
-0.02186364008088885
-0.021858342751393922
-0.021853043273805647
-0.021847741647564402
-0.021842437872110584
-0.021837131946884514
-0.021831823871326525
-0.02182651364487688
-0.021821201266975943
-0.02181588673706401
-0.021810570054581375
-0.021805251218968313
-0.02179993022966521
-0.021794607086112316
-0.021789281787749946
-0.02178395433401845
-0.021778624724358087
-0.021773292958209185
-0.02176795903501208
-0.02176262295420703
-0.021757284715234387
-0.021751944317534435
-0.021746601760547494
-0.021741257043713845
-0.021735910166473863
-0.02173056112826778
-0.02172520992853593
-0.02171985656671866
-0.021714501042256234
-0.02170914335458898
-0.0217037835031572
-0.021698421487401233
-0.021693057306761333
-0.02168769096067604
-0.02168232244857664
-0.0216769517698926
-0.02167157892405344
-0.021666203910488614
-0.021660826728627625
-0.021655447377899976
-0.021650065857735108
-0.021644682167562553
-0.021639296306811755
-0.021633908274912225
-0.021628518071293453
-0.021623125695384902
-0.021617731146616106
-0.021612334424416475
-0.02160693552821554
-0.021601534457442804
-0.02159613121152839
-0.021590725789905164
-0.021585318192006625
-0.021579908417278804
-0.021574496465217564
-0.02156908233533136
-0.0215636660271286
-0.0215582475401176
-0.021552826873806833
-0.021547404027704685
-0.021541979001319544
-0.021536551794159826
-0.02153112240573395
-0.02152569083555025
-0.02152025708311718
-0.02151482114794314
-0.021509383029536512
-0.021503942727405686
-0.021498500241059097
-0.021493055570005117
-0.021487608713752153
-0.02148215967180863
-0.021476708443682883
-0.02147125502888338
-0.02146579942691849
-0.021460341637296636
-0.021454881659526158
-0.02144941949311556
-0.021443955137573134
-0.021438488592407365
-0.021433019857126666
-0.02142754893123966
-0.021422075814254853
-0.021416600505680863
-0.02141112300502625
-0.021405643311799623
-0.021400161425509517
-0.02139467734566457
-0.02138919107177328
-0.021383702603344303
-0.02137821193988618
-0.021372719080907456
-0.02136722402591676
-0.021361726774422655
-0.021356227325933733
-0.02135072567995917
-0.021345221836010776
-0.021339715793600913
-0.021334207552241975
-0.021328697111446377
-0.021323184470726526
-0.021317669629594912
-0.02131215258756436
-0.021306633344147764
-0.02130111189885812
-0.021295588251208322
-0.0212900624007113
-0.021284534346879963
-0.021279004089227255
-0.0212734716272661
-0.02126793696050942
-0.021262400088470173
-0.021256861010661213
-0.02125131972659648
-0.021245776235793365
-0.021240230537770247
-0.02123468263204551
-0.021229132518137534
-0.021223580195564702
-0.021218025663845327
-0.021212468922497844
-0.02120690997104061
-0.021201348808992004
-0.02119578543587105
-0.02119021985119973
-0.021184652054500635
-0.02117908204529635
-0.021173509823109494
-0.021167935387462734
-0.021162358737878657
-0.02115677987387983
-0.021151198794987128
-0.02114561550071413
-0.021140029990572618
-0.021134442264074408
-0.021128852320731344
-0.021123260160055134
-0.021117665781557656
-0.021112069184750688
-0.021106470369146018
-0.021100869334255472
-0.021095266079590832
-0.0210896606046639
-0.021084052908986448
-0.02107844299207033
-0.021072830853427343
-0.02106721649256924
-0.02106159990900784
-0.021055981102254984
-0.021050360071822417
-0.021044736817221976
-0.021039111337965453
-0.021033483633564633
-0.021027853703531493
-0.021022221547378584
-0.021016587164618676
-0.021010950554764533
-0.021005311717328997
-0.02099967065182488
-0.020994027357764955
-0.02098838183466204
-0.0209827340820336
-0.02097708409941572
-0.02097143188634905
-0.02096577744237428
-0.020960120767032128
-0.02095446185986326
-0.020948800720408417
-0.020943137348208515
-0.02093747174280543
-0.020931803903741292
-0.02092613383055933
-0.020920461522806726
-0.020914786980031946
-0.020909110201783185
-0.020903431187608824
-0.020897749937057206
-0.020892066449676595
-0.02088638072501538
-0.020880692762621816
-0.020875002562044262
-0.020869310122831053
-0.020863615444530498
-0.020857918526690913
-0.020852219368860614
-0.020846517970587952
-0.02084081433142124
-0.020835108450908777
-0.020829400328598917
-0.020823689964039955
-0.020817977356780242
-0.02081226250636807
-0.0208065454123518
-0.02080082607427973
-0.020795104491700172
-0.020789380664161493
-0.02078365459121197
-0.020777926272399935
-0.020772195707273726
-0.020766462895381654
-0.0207607278362729
-0.020754990529500122
-0.020749250974616797
-0.020743509171176417
-0.020737765118732533
-0.02073201881683858
-0.020726270265048106
-0.020720519462914585
-0.020714766409991522
-0.020709011105832432
-0.02070325354999078
-0.02069749374202008
-0.020691731681473837
-0.020685967367905577
-0.020680200800868742
-0.020674431979916863
-0.02066866090460345
-0.02066288757448198
-0.02065711198910595
-0.020651334148028864
-0.020645554050804277
-0.020639771696985606
-0.02063398708612636
-0.020628200217780113
-0.020622411091500273
-0.02061661970684039
-0.020610826063353963
-0.020605030160594485
-0.020599231998115447
-0.02059343157547033
-0.020587628892212686
-0.020581823947895986
-0.020576016742073714
-0.020570207274299392
-0.02056439554412651
-0.020558581551108537
-0.02055276529479914
-0.020546946774752342
-0.02054112599052233
-0.020535302941663277
-0.020529477627729345
-0.020523650048274687
-0.020517820202853487
-0.020511988091019905
-0.020506153712328137
-0.020500317066332305
-0.020494478152586645
-0.020488636970645277
-0.02048279352006236
-0.020476947800392116
-0.020471099811188685
-0.0204652495520062
-0.02045939702239891
-0.02045354222192093
-0.020447685150126443
-0.02044182580656959
-0.020435964190804616
-0.020430100302385575
-0.020424234140866752
-0.02041836570580228
-0.020412494996746286
-0.020406622013252985
-0.02040074675487662
-0.020394869221171445
-0.02038898941169164
-0.020383107325991558
-0.02037722296362539
-0.020371336324147733
-0.020365447407114868
-0.020359556212083352
-0.020353662738609793
-0.020347766986250765
-0.020341868954562865
-0.02033596864310275
-0.020330066051426888
-0.02032416117909201
-0.020318254025654396
-0.020312344590669575
-0.020306432873692843
-0.020300518874279458
-0.02029460259198468
-0.02028868402636378
-0.020282763176972085
-0.020276840043364833
-0.020270914625097294
-0.020264986921724727
-0.02025905693280246
-0.020253124657885722
-0.02024719009652982
-0.020241253248290042
-0.020235314112721604
-0.02022937268937978
-0.020223428977819927
-0.020217482977597276
-0.02021153468826709
-0.020205584109384646
-0.02019963124050525
-0.020193676081184116
-0.020187718630976584
-0.0201817588894379
-0.02017579685612336
-0.020169832530588187
-0.020163865912387714
-0.020157897001074582
-0.020151925796191017
-0.020145952297276636
-0.02013997650387018
-0.020133998415506782
-0.020128018031720728
-0.02012203535204628
-0.020116050376017703
-0.020110063103169245
-0.020104073533035265
-0.020098081665149932
-0.02009208749904756
-0.0200860910342624
-0.020080092270328722
-0.020074091206780807
-0.020068087843152966
-0.020062082178992358
-0.020056074213898118
-0.02005006394748239
-0.020044051379357233
-0.020038036509134754
-0.020032019336427034
-0.020025999860846175
-0.020019978082004248
-0.02001395399951337
-0.020007927612985643
-0.020001898922033124
-0.019995867926267948
-0.01998983462530218
-0.019983799018747857
-0.01997776110621671
-0.019971720887320417
-0.019965678361670673
-0.019959633528879122
-0.019953586388557463
-0.01994753694031735
-0.019941485183770497
-0.01993543111852852
-0.019929374744203126
-0.019923316060406017
-0.019917255066757955
-0.019911191762916332
-0.01990512614854768
-0.019899058223318493
-0.019892987986895278
-0.019886915438944545
-0.019880840579136052
-0.019874763407152333
-0.019868683922679264
-0.01986260212540201
-0.019856518015003294
-0.01985043159116657
-0.01984434285358085
-0.019838251801936574
-0.019832158435924865
-0.01982606275523982
-0.019819964759576255
-0.019813864448629093
-0.019807761822093116
-0.01980165687966317
-0.019795549621034143
-0.01978944004590086
-0.019783328153958123
-0.019777213944900795
-0.019771097418423752
-0.01976497857422182
-0.019758857411989825
-0.019752733931422656
-0.0197466081322151
-0.019740480014062034
-0.019734349576664038
-0.019728216819744612
-0.01972208174303303
-0.01971594434626182
-0.019709804629176726
-0.01970366259152666
-0.019697518233060665
-0.019691371553536282
-0.019685222552745133
-0.01967907123048749
-0.019672917586563508
-0.019666761620773434
-0.019660603332917435
-0.01965444272279575
-0.019648279790208573
-0.01964211453495612
-0.01963594695683859
-0.019629777055664516
-0.019623604831275773
-0.01961743028352251
-0.019611253412254937
-0.019605074217323205
-0.019598892698577532
-0.019592708855868092
-0.01958652268904505
-0.01958033419795858
-0.019574143382458886
-0.019567950242396145
-0.019561754777620562
-0.019555556987982288
-0.01954935687333093
-0.019543154433513954
-0.019536949668378205
-0.01953074257777052
-0.019524533161537808
-0.0195183214195269
-0.019512107351584665
-0.01950589095755797
-0.019499672237293684
-0.019493451190638653
-0.019487227817452248
-0.01948100211764378
-0.01947477409113512
-0.019468543737847996
-0.019462311057704282
-0.019456076050625774
-0.019449838716534208
-0.019443599055351337
-0.019437357066998975
-0.019431112751398874
-0.019424866108472792
-0.019418617138142493
-0.019412365840329758
-0.019406112214956375
-0.0193998562619441
-0.019393597981214688
-0.01938733737268994
-0.019381074436291588
-0.019374809171941197
-0.019368541579559424
-0.019362271659066635
-0.019355999410382584
-0.01934972483342395
-0.01934344792810677
-0.01933716869434706
-0.019330887132060777
-0.019324603241164
-0.01931831702157268
-0.019312028473202854
-0.019305737595970502
-0.01929944438979166
-0.01929314885458235
-0.019286850990258498
-0.019280550796736205
-0.019274248273931545
-0.019267943421761212
-0.01926163624014195
-0.019255326728990555
-0.019249014888223785
-0.019242700717758455
-0.019236384217511338
-0.019230065387399218
-0.019223744227338815
-0.019217420737246978
-0.01921109491704046
-0.019204766766636048
-0.019198436285950513
-0.01919210347490062
-0.01918576833340321
-0.019179430861374955
-0.01917309105875393
-0.019166748925562874
-0.019160404461845748
-0.01915405766764653
-0.019147708543009196
-0.01914135708797771
-0.01913500330259606
-0.019128647186908165
-0.019122288740958053
-0.019115927964789614
-0.019109564858446917
-0.019103199421973884
-0.019096831655414478
-0.019090461558812673
-0.01908408913221246
-0.01907771437566742
-0.01907133728926985
-0.01906495787312166
-0.01905857612732476
-0.01905219205198102
-0.019045805647195064
-0.01903941691308206
-0.019033025849759914
-0.019026632457346416
-0.019020236735959522
-0.019013838685717058
-0.019007438306736863
-0.019001035599136837
-0.018994630563034843
-0.01898822319854872
-0.018981813505796363
-0.018975401484895644
-0.018968987135964382
-0.01896257045912048
-0.01895615145448181
-0.0189497301221662
-0.018943306462291535
-0.018936880474975656
-0.01893045216033649
-0.018924021518491835
-0.01891758854955961
-0.018911153253657643
-0.01890471563090382
-0.018898275681415982
-0.018891833405313415
-0.018885388802720886
-0.018878941873764547
-0.01887249261857062
-0.018866041037265253
-0.01885958712997476
-0.018853130896825873
-0.01884667233794551
-0.01884021145346261
-0.018833748243514463
-0.01882728270824036
-0.018820814847779706
-0.018814344662271793
-0.01880787215185595
-0.018801397316671593
-0.018794920156857978
-0.01878844067255448
-0.018781958863900442
-0.018775474731035184
-0.018768988274098064
-0.018762499493228425
-0.018756008388565587
-0.018749514960248882
-0.018743019208417675
-0.018736521133213484
-0.018730020734786506
-0.018723518013289135
-0.01871701296887375
-0.01871050560169276
-0.018703995911898568
-0.018697483899643555
-0.01869096956508008
-0.018684452908360565
-0.018677933929637392
-0.01867141262906294
-0.01866488900678962
-0.018658363062969793
-0.01865183479775589
-0.01864530421130026
-0.018638771303755342
-0.018632236075273475
-0.018625698526007078
-0.01861915865610854
-0.018612616465730255
-0.0186060719550246
-0.018599525124143937
-0.018592975973240715
-0.01858642450246732
-0.01857987071197536
-0.018573314601913662
-0.01856675617243026
-0.018560195423673178
-0.018553632355790474
-0.018547066968930215
-0.0185404992632404
-0.018533929238869113
-0.018527356895964384
-0.018520782234674273
-0.018514205255146805
-0.018507625957530024
-0.018501044341972025
-0.018494460408620798
-0.018487874157626736
-0.01848128558914946
-0.018474694703350936
-0.018468101500393106
-0.018461505980437967
-0.01845490814365127
-0.018448307990214324
-0.018441705520312174
-0.01843510073412996
-0.018428493631852793
-0.018421884213665734
-0.0184152724797539
-0.018408658430306053
-0.018402042065525512
-0.018395423385619305
-0.01838880239079434
-0.018382179081257687
-0.01837555345721627
-0.018368925518877074
-0.018362295266447132
-0.0183556627001334
-0.018349027820142843
-0.01834239062671333
-0.018335751120206127
-0.01832910930101328
-0.018322465169526944
-0.018315818726139247
-0.01830916997124223
-0.018302518905228084
-0.01829586552848886
-0.01828920984141666
-0.01828255184440363
-0.01827589153784185
-0.018269228922123442
-0.018262563997640497
-0.018255896764785146
-0.018249227223949487
-0.01824255537554884
-0.01823588122009141
-0.01822920475810857
-0.018222525990131765
-0.018215844916692352
-0.018209161538321823
-0.018202475855551525
-0.018195787868912867
-0.018189097578937257
-0.01818240498615613
-0.018175710091100857
-0.018169012894302877
-0.018162313396293577
-0.018155611597604364
-0.018148907498766652
-0.01814220110031187
-0.01813549240277136
-0.018128781406676592
-0.01812206811255897
-0.018115352520949847
-0.018108634632380684
-0.01810191444738289
-0.018095191966487824
-0.018088467190226897
-0.01808174011913161
-0.018075010753733266
-0.018068279094565258
-0.01806154514216882
-0.018054808897087025
-0.018048070359861685
-0.01804132953102896
-0.018034586411123568
-0.018027841000680278
-0.018021093300233874
-0.018014343310319127
-0.018007591031470756
-0.018000836464223523
-0.017994079609112274
-0.017987320466672157
-0.017980559037438403
-0.017973795321946245
-0.01796702932073088
-0.01796026103432753
-0.017953490463271438
-0.0179467176080978
-0.01793994246934189
-0.017933165047538866
-0.01792638534322401
-0.017919603356932347
-0.017912819089198322
-0.01790603254055619
-0.017899243711540204
-0.017892452602684624
-0.017885659214523744
-0.01787886354759179
-0.01787206560242304
-0.017865265379551774
-0.017858462879512222
-0.01785165810283867
-0.01784485105006739
-0.017838041721742793
-0.017831230118411326
-0.017824416240619402
-0.01781760008891343
-0.01781078166383987
-0.017803960965945165
-0.017797137995775692
-0.01779031275387794
-0.01778348524079829
-0.017776655457083197
-0.01776982340327908
-0.017762989079932383
-0.01775615248758953
-0.017749313626796943
-0.01774247249810107
-0.01773562910204831
-0.01772878343918514
-0.017721935510057935
-0.01771508531521315
-0.0177082328551972
-0.017701378130556535
-0.01769452114183761
-0.017687661889586818
-0.01768080037435059
-0.01767393659667656
-0.01766707055711737
-0.017660202256226762
-0.017653331694558558
-0.01764645887266655
-0.017639583791104554
-0.017632706450426364
-0.01762582685118579
-0.017618944993936597
-0.017612060879232616
-0.01760517450762767
-0.01759828587967551
-0.01759139499592995
-0.017584501856944823
-0.017577606463273925
-0.017570708815471004
-0.0175638089140899
-0.01755690675968441
-0.01755000235280837
-0.017543095694015524
-0.017536186783859695
-0.017529275622894698
-0.017522362211674303
-0.017515446550752344
-0.01750852864068259
-0.01750160848201887
-0.017494686075314975
-0.017487761421124712
-0.017480834520001865
-0.017473905372500244
-0.017466973979173645
-0.017460040340575904
-0.01745310445726076
-0.017446166329782044
-0.017439225958693592
-0.01743228334454915
-0.01742533848790254
-0.017418391389307574
-0.017411442049318042
-0.017404490468487743
-0.01739753664737049
-0.017390580586520047
-0.01738362228649028
-0.017376661747834945
-0.017369698971107822
-0.017362733956862768
-0.01735576670565357
-0.017348797218033982
-0.017341825494557865
-0.017334851535778965
-0.017327875342251154
-0.017320896914528146
-0.017313916253163822
-0.017306933358711942
-0.017299948231726293
-0.01729296087276071
-0.017285971282368973
-0.01727897946111049
-0.017271985409566946
-0.017264989128325647
-0.017257990617973902
-0.01725098987909898
-0.017243986912288206
-0.01723698171812884
-0.01722997429720824
-0.01722296465011364
-0.017215952777432368
-0.017208938679754607
-0.017201922357682014
-0.017194903811819127
-0.017187883042770573
-0.017180860051140837
-0.017173834837534523
-0.017166807402556182
-0.01715977774681035
-0.017152745870901594
-0.01714571177543446
-0.017138675461013542
-0.01713163692824336
-0.0171245961777285
-0.017117553210073494
-0.017110508025883146
-0.017103460625763223
-0.01709641101031973
-0.017089359180158616
-0.017082305135885933
-0.017075248878107557
-0.01706819040742964
-0.01706112972445806
-0.017054066829798858
-0.017047001724058014
-0.01703993440784151
-0.01703286488175535
-0.017025793146405552
-0.01701871920239806
-0.0170116430503389
-0.01700456469083408
-0.01699748412448957
-0.016990401351911325
-0.016983316373705416
-0.01697622919047778
-0.016969139802834435
-0.016962048211381347
-0.016954954416724566
-0.016947858419470007
-0.016940760220223706
-0.016933659819591676
-0.016926557218179875
-0.016919452416594274
-0.016912345415440944
-0.01690523621532584
-0.0168981248168549
-0.01689101122063421
-0.016883895427269698
-0.016876777437367468
-0.01686965725153383
-0.016862534870375794
-0.016855410294502646
-0.01684828352452426
-0.01684115456105048
-0.016834023404691176
-0.01682689005605622
-0.016819754515755445
-0.01681261678439876
-0.016805476862595987
-0.016798334750956993
-0.01679119045009163
-0.016784043960609774
-0.016776895283121308
-0.01676974441823605
-0.016762591366563894
-0.016755436128715828
-0.01674827870530761
-0.016741119096956004
-0.016733957304277916
-0.016726793327890177
-0.01671962716840966
-0.016712458826453187
-0.016705288302637608
-0.0166981155975798
-0.016690940711896616
-0.016683763646204875
-0.016676584401121432
-0.016669402977263166
-0.01666221937524691
-0.016655033595689515
-0.0166478456392078
-0.0166406555064187
-0.016633463197938975
-0.016626268714385543
-0.016619072056375202
-0.016611873224524825
-0.016604672219451295
-0.016597469041771413
-0.01659026369210205
-0.016583056171060043
-0.01657584647926226
-0.016568634617325582
-0.016561420585866782
-0.01655420438550275
-0.016546986016850375
-0.01653976548052644
-0.016532542777147875
-0.01652531790733144
-0.016518090871694053
-0.016510861670852528
-0.01650363030542374
-0.01649639677602451
-0.016489161083271735
-0.01648192322778222
-0.01647468321017285
-0.016467441031060442
-0.016460196691061878
-0.016452950190793975
-0.01644570153087363
-0.01643845071191766
-0.016431197734542928
-0.016423942599366283
-0.016416685307004557
-0.016409425858074627
-0.01640216425319332
-0.016394900492977503
-0.016387634578044034
-0.01638036650900974
-0.016373096286491497
-0.016365823911106147
-0.01635854938347055
-0.016351272704201524
-0.016343993873915948
-0.016336712893230666
-0.01632942976276252
-0.01632214448312837
-0.016314857054945047
-0.016307567478829454
-0.016300275755398393
-0.016292981885268728
-0.016285685869057306
-0.01627838770738098
-0.016271087400856626
-0.016263784950101046
-0.016256480355731136
-0.016249173618363724
-0.016241864738615656
-0.016234553717103795
-0.016227240554444997
-0.01621992525125608
-0.016212607808153954
-0.016205288225755392
-0.016197966504677325
-0.01619064264553654
-0.01618331664894992
-0.01617598851553431
-0.016168658245906565
-0.016161325840683506
-0.016153991300482028
-0.016146654625918966
-0.016139315817611143
-0.016131974876175455
-0.01612463180222873
-0.01611728659638782
-0.01610993925926956
-0.016102589791490814
-0.016095238193668458
-0.016087884466419303
-0.01608052861036021
-0.01607317062610805
-0.01606581051428016
-0.01605844827549604
-0.01605108391037565
-0.01604371741953896
-0.016036348803605993
-0.016028978063196687
-0.016021605198931053
-0.01601423021142906
-0.01600685310131068
-0.015999473869195893
-0.015992092515704718
-0.01598470904145709
-0.01597732344707303
-0.015969935733172482
-0.01596254590037546
-0.01595515394930194
-0.015947759880571875
-0.01594036369480528
-0.01593296539262212
-0.015925564974642405
-0.015918162441486087
-0.01591075779377313
-0.015903351032123543
-0.015895942157157346
-0.015888531169494447
-0.015881118069754847
-0.015873702858557246
-0.015866285536514944
-0.01585886610424001
-0.01585144456234445
-0.01584402091144028
-0.01583659515213955
-0.015829167285054305
-0.015821737310796516
-0.015814305229978273
-0.015806871043211535
-0.01579943475110841
-0.015791996354280902
-0.015784555853340966
-0.015777113248908053
-0.01576966854163074
-0.015762221732165026
-0.015754772821166853
-0.015747321809292177
-0.015739868697196957
-0.01573241348553716
-0.015724956174968753
-0.015717496766147695
-0.015710035259729943
-0.01570257165637146
-0.015695105956728236
-0.015687638161456165
-0.01568016827121124
-0.015672696286649468
-0.01566522220842675
-0.015657746037199056
-0.015650267773622377
-0.015642787418352636
-0.015635304972045856
-0.015627820435357948
-0.015620333808944845
-0.01561284509346257
-0.015605354289567061
-0.015597861397914286
-0.015590366419160185
-0.01558286935396073
-0.015575370202971891
-0.015567868966849611
-0.015560365646249871
-0.01555286024182863
-0.015545352754241818
-0.015537843184145445
-0.015530331532195447
-0.01552281779904779
-0.015515301985358413
-0.01550778409178331
-0.01550026411897841
-0.015492742067599723
-0.015485217938303153
-0.015477691731744703
-0.01547016344858031
-0.015462633089465947
-0.015455100655057554
-0.015447566146011126
-0.01544002956298262
-0.015432490906627964
-0.015424950177603147
-0.015417407376564121
-0.01540986250416686
-0.015402315561067309
-0.01539476654792145
-0.015387215465385197
-0.01537966231411456
-0.015372107094765473
-0.015364549807993916
-0.015356990454455845
-0.015349429034807202
-0.01534186554970399
-0.01533429999980213
-0.01532673238575761
-0.015319162708226367
-0.015311590967865517
-0.015304017165336808
-0.0152964413013031
-0.015288863376427249
-0.015281283391372146
-0.015273701346800696
-0.015266117243375723
-0.015258531081760132
-0.015250942862616766
-0.015243352586608548
-0.015235760254398331
-0.015228165866648971
-0.015220569424023379
-0.015212970927184395
-0.015205370376794914
-0.015197767773517794
-0.01519016311801593
-0.015182556410952201
-0.015174947652989455
-0.015167336844790576
-0.015159723987018458
-0.015152109080335993
-0.015144492125405952
-0.015136873122891335
-0.015129252073454946
-0.015121628977759684
-0.01511400383646841
-0.015106376650244
-0.015098747419749366
-0.015091116145647355
-0.015083482828600791
-0.015075847469272659
-0.015068210068325743
-0.01506057062642294
-0.015052929144227133
-0.015045285622401197
-0.015037640061608017
-0.015029992462510456
-0.015022342825771397
-0.015014691152053694
-0.015007037442020242
-0.014999381696333913
-0.014991723915657555
-0.014984064100654086
-0.014976402251986362
-0.014968738370317262
-0.014961072456309637
-0.014953404510626397
-0.014945734533930404
-0.014938062526884519
-0.014930388490151639
-0.014922712424394627
-0.014915034330276335
-0.014907354208459686
-0.014899672059607509
-0.0148919878843827
-0.014884301683448153
-0.014876613457466728
-0.014868923207101278
-0.014861230933014677
-0.014853536635869868
-0.014845840316329652
-0.014838141975056913
-0.01483044161271455
-0.014822739229965453
-0.014815034827472425
-0.014807328405898412
-0.01479961996590628
-0.014791909508158894
-0.01478419703331911
-0.014776482542049805
-0.014768766035013887
-0.014761047512874206
-0.014753326976293633
-0.014745604425935048
-0.01473787986246134
-0.01473015328653535
-0.014722424698820007
-0.014714694099978139
-0.014706961490672606
-0.014699226871566363
-0.014691490243322183
-0.014683751606603047
-0.014676010962071767
-0.014668268310391197
-0.014660523652224254
-0.014652776988233803
-0.014645028319082718
-0.01463727764543032
-0.014629524967921788
-0.014621770287198734
-0.014614013603902777
-0.01460625491867554
-0.014598494232158666
-0.014590731544993763
-0.01458296685782243
-0.014575200171286324
-0.014567431486027026
-0.01455966080268619
-0.01455188812190543
-0.014544113444326353
-0.014536336770590581
-0.01452855810133979
-0.01452077743721575
-0.014512994778860278
-0.01450521012691516
-0.014497423482022266
-0.0144896348448234
-0.01448184421596034
-0.014474051596074934
-0.014466256985809013
-0.014458460385804348
-0.014450661796702778
-0.014442861219146097
-0.01443505865377617
-0.014427254101234787
-0.014419447562163743
-0.014411639037204877
-0.014403828526999998
-0.014396016032190909
-0.014388201553419458
-0.014380385091327453
-0.014372566646556686
-0.014364746219748988
-0.014356923811546157
-0.014349099422590036
-0.014341273053522457
-0.014333444704985182
-0.01432561437762006
-0.01431778207206891
-0.014309947788973517
-0.014302111528975746
-0.014294273292717364
-0.014286433080840209
-0.01427859089398609
-0.014270746732796838
-0.014262900597914265
-0.014255052489980182
-0.014247202409636393
-0.014239350357524739
-0.014231496334286985
-0.014223640340565029
-0.014215782377000618
-0.014207922444235611
-0.014200060542911777
-0.01419219667367098
-0.014184330837155
-0.014176463034005672
-0.014168593264864816
-0.014160721530374223
-0.014152847831175736
-0.01414497216791116
-0.014137094541222306
-0.014129214951750988
-0.01412133340013904
-0.014113449887028263
-0.01410556441306047
-0.014097676978877496
-0.014089787585121138
-0.014081896232433219
-0.014074002921455548
-0.014066107652829956
-0.01405821042719826
-0.014050311245202222
-0.014042410107483739
-0.014034507014684559
-0.014026601967446537
-0.014018694966411479
-0.01401078601222122
-0.014002875105517539
-0.013994962246942258
-0.013987047437137232
-0.01397913067674425
-0.013971211966405097
-0.013963291306761648
-0.013955368698455666
-0.01394744414212899
-0.01393951763842346
-0.013931589187980856
-0.013923658791443009
-0.01391572644945174
-0.01390779216264885
-0.01389985593167615
-0.013891917757175463
-0.013883977639788634
-0.013876035580157434
-0.013868091578923715
-0.013860145636729252
-0.013852197754215916
-0.013844247932025476
-0.013836296170799766
-0.013828342471180609
-0.0138203868338098
-0.013812429259329153
-0.013804469748380526
-0.013796508301605689
-0.01378854491964648
-0.01378057960314471
-0.013772612352742176
-0.013764643169080732
-0.013756672052802192
-0.01374869900454833
-0.013740724024960996
-0.013732747114681986
-0.013724768274353127
-0.013716787504616267
-0.013708804806113124
-0.013700820179485635
-0.013692833625375527
-0.01368484514442468
-0.01367685473727484
-0.013668862404567862
-0.013660868146945586
-0.013652871965049794
-0.01364487385952231
-0.013636873831004937
-0.013628871880139523
-0.013620868007567843
-0.013612862213931749
-0.013604854499873037
-0.013596844866033533
-0.013588833313055047
-0.013580819841579406
-0.013572804452248398
-0.013564787145703867
-0.013556767922587615
-0.013548746783541453
-0.013540723729207201
-0.013532698760226705
-0.01352467187724173
-0.013516643080894137
-0.013508612371825685
-0.01350057975067826
-0.01349254521809362
-0.013484508774713624
-0.013476470421180074
-0.013468430158134762
-0.013460387986219523
-0.013452343906076194
-0.013444297918346533
-0.013436250023672413
-0.013428200222695632
-0.013420148516058
-0.013412094904401322
-0.013404039388367437
-0.013395981968598156
-0.013387922645735299
-0.013379861420420636
-0.013371798293296057
-0.013363733265003307
-0.013355666336184242
-0.013347597507480689
-0.013339526779534433
-0.013331454152987305
-0.013323379628481121
-0.013315303206657688
-0.013307224888158843
-0.013299144673626369
-0.013291062563702107
-0.013282978559027861
-0.013274892660245455
-0.013266804867996695
-0.013258715182923413
-0.013250623605667372
-0.013242530136870509
-0.013234434777174524
-0.013226337527221254
-0.013218238387652551
-0.013210137359110193
-0.013202034442236034
-0.013193929637671865
-0.013185822946059484
-0.013177714368040756
-0.013169603904257447
-0.013161491555351422
-0.013153377321964456
-0.01314526120473836
-0.013137143204314998
-0.013129023321336144
-0.013120901556443618
-0.013112777910279285
-0.013104652383484888
-0.013096524976702285
-0.013088395690573266
-0.013080264525739675
-0.013072131482843311
-0.01306399656252601
-0.013055859765429565
-0.013047721092195787
-0.013039580543466519
-0.013031438119883542
-0.013023293822088713
-0.013015147650723832
-0.013006999606430697
-0.012998849689851126
-0.012990697901626961
-0.012982544242399993
-0.012974388712812064
-0.012966231313504934
-0.012958072045120493
-0.012949910908300513
-0.01294174790368682
-0.012933583031921221
-0.012925416293645523
-0.01291724768950159
-0.012909077220131206
-0.01290090488617614
-0.012892730688278307
-0.01288455462707942
-0.012876376703221401
-0.012868196917345996
-0.012860015270094989
-0.0128518317621103
-0.012843646394033646
-0.012835459166506906
-0.01282727008017185
-0.012819079135670323
-0.012810886333644144
-0.012802691674735115
-0.012794495159585053
-0.012786296788835787
-0.012778096563129117
-0.012769894483106864
-0.01276169054941084
-0.012753484762682874
-0.012745277123564751
-0.01273706763269833
-0.012728856290725402
-0.012720643098287791
-0.012712428056027307
-0.012704211164585746
-0.012695992424604972
-0.012687771836726763
-0.012679549401592955
-0.012671325119845344
-0.012663098992125758
-0.012654871019076004
-0.012646641201337915
-0.012638409539553294
-0.012630176034363975
-0.01262194068641173
-0.012613703496338426
-0.01260546446478584
-0.01259722359239581
-0.012588980879810155
-0.012580736327670667
-0.012572489936618407
-0.01256424170729128
-0.012555991640326473
-0.012547739736361104
-0.012539485996032317
-0.012531230419977292
-0.012522973008833168
-0.012514713763237102
-0.012506452683826198
-0.012498189771237681
-0.01248992502610864
-0.012481658449076269
-0.012473390040777653
-0.012465119801850022
-0.012456847732930473
-0.012448573834656189
-0.01244029810766429
-0.012432020552591917
-0.012423741170076268
-0.012415459960754478
-0.012407176925263679
-0.012398892064241
-0.01239060537832364
-0.012382316868148719
-0.012374026534353412
-0.012365734377574874
-0.012357440398450178
-0.012349144597616572
-0.012340846975711146
-0.012332547533371081
-0.012324246271233491
-0.012315943189935579
-0.01230763829011444
-0.012299331572407255
-0.012291023037451197
-0.01228271268588337
-0.012274400518340927
-0.012266086535461055
-0.012257770737880869
-0.01224945312623752
-0.0122411337011682
-0.012232812463310028
-0.0122244894133001
-0.01221616455177568
-0.012207837879373833
-0.012199509396731749
-0.012191179104486569
-0.012182847003275415
-0.012174513093735484
-0.012166177376503884
-0.012157839852217783
-0.012149500521514348
-0.012141159385030702
-0.012132816443404009
-0.012124471697271402
-0.012116125147270056
-0.012107776794037121
-0.012099426638209707
-0.012091074680425
-0.012082720921320162
-0.012074365361532323
-0.01206600800169861
-0.012057648842456208
-0.012049287884442275
-0.01204092512829392
-0.012032560574648328
-0.012024194224142618
-0.012015826077413964
-0.012007456135099515
-0.011999084397836413
-0.011990710866261817
-0.011982335541012858
-0.011973958422726718
-0.011965579512040504
-0.0119571988095914
-0.01194881631601656
-0.011940432031953116
-0.011932045958038219
-0.011923658094909024
-0.011915268443202667
-0.011906877003556332
-0.01189848377660712
-0.011890088762992218
-0.011881691963348765
-0.011873293378313943
-0.011864893008524858
-0.011856490854618654
-0.011848086917232532
-0.011839681197003559
-0.011831273694568979
-0.01182286441056587
-0.011814453345631427
-0.01180604050040279
-0.011797625875517095
-0.011789209471611509
-0.011780791289323193
-0.011772371329289238
-0.011763949592146866
-0.011755526078533177
-0.011747100789085333
-0.011738673724440521
-0.011730244885235837
-0.011721814272108463
-0.011713381885695526
-0.011704947726634208
-0.011696511795561637
-0.011688074093114967
-0.011679634619931316
-0.0116711933766479
-0.011662750363901834
-0.011654305582330262
-0.01164585903257036
-0.011637410715259248
-0.011628960631034089
-0.01162050878053202
-0.01161205516439021
-0.01160359978324581
-0.011595142637735966
-0.011586683728497792
-0.011578223056168504
-0.011569760621385188
-0.011561296424785036
-0.011552830467005214
-0.011544362748682813
-0.011535893270455025
-0.011527422032958975
-0.011518949036831835
-0.011510474282710756
-0.011501997771232878
-0.011493519503035357
-0.011485039478755316
-0.011476557699029957
-0.011468074164496364
-0.011459588875791741
-0.011451101833553228
-0.01144261303841796
-0.0114341224910231
-0.011425630192005792
-0.011417136142003176
-0.01140864034165243
-0.011400142791590677
-0.01139164349245508
-0.01138314244488277
-0.011374639649510934
-0.011366135106976694
-0.011357628817917222
-0.011349120782969624
-0.011340611002771088
-0.011332099477958754
-0.011323586209169782
-0.01131507119704131
-0.011306554442210494
-0.011298035945316146
-0.011289515707003763
-0.01128099372792049
-0.011272470008713538
-0.011263944550030021
-0.011255417352517129
-0.011246888416822006
-0.011238357743591821
-0.01122982533347374
-0.011221291187114927
-0.011212755305162527
-0.01120421768826372
-0.011195678337065673
-0.011187137252215549
-0.011178594434360489
-0.01117004988414765
-0.011161503602224229
-0.011152955589237361
-0.0111444058458342
-0.011135854372661963
-0.011127301170367742
-0.011118746239598756
-0.011110189581002137
-0.011101631195225049
-0.01109307108291466
-0.011084509244718137
-0.01107594568128261
-0.011067380393255307
-0.011058813381283334
-0.011050244646013872
-0.01104167418809407
-0.011033102008171114
-0.011024528106892167
-0.011015952484904334
-0.011007375142854848
-0.010998796081390861
-0.010990215301159513
-0.010981632802807945
-0.01097304858698338
-0.010964462654332938
-0.010955875005503782
-0.0109472856411431
-0.010938694561898004
-0.01093010176841572
-0.01092150726134337
-0.010912911041328112
-0.010904313109017134
-0.010895713465057594
-0.010887112110096644
-0.010878509044781437
-0.010869904269759159
-0.010861297785676955
-0.010852689593181992
-0.010844079692921433
-0.010835468085542432
-0.010826854771692195
-0.010818239752017811
-0.010809623027166499
-0.010801004597785388
-0.01079238446452167
-0.010783762628022464
-0.010775139088935006
-0.01076651384790638
-0.010757886905583791
-0.010749258262614374
-0.01074062791964533
-0.01073199587732378
-0.010723362136296934
-0.01071472669721237
-0.01070608956071959
-0.01069745072746854
-0.010688810198109161
-0.01068016797329142
-0.010671524053665228
-0.010662878439880554
-0.01065423113258734
-0.010645582132435522
-0.010636931440075034
-0.010628279056155881
-0.010619624981327942
-0.010610969216241167
-0.01060231176154555
-0.010593652617891022
-0.010584991785927473
-0.01057632926630491
-0.010567665059673251
-0.010558999166682473
-0.01055033158798248
-0.010541662324223216
-0.010532991376054276
-0.010524318744123589
-0.010515644429078765
-0.010506968431567341
-0.01049829075223692
-0.010489611391735062
-0.01048093035070936
-0.01047224762980737
-0.010463563229676657
-0.010454877150964837
-0.01044618939431944
-0.010437499960388105
-0.01042880884981834
-0.010420116063257759
-0.010411421601353905
-0.010402725464754374
-0.010394027654106774
-0.010385328170058609
-0.010376627013257514
-0.01036792418435102
-0.01035921968398674
-0.010350513512812244
-0.010341805671475062
-0.01033309616062283
-0.010324384980903071
-0.010315672132963409
-0.010306957617451392
-0.010298241435014604
-0.010289523586300595
-0.010280804071956987
-0.01027208289263131
-0.010263360048971177
-0.010254635541624105
-0.010245909371237776
-0.010237181538459657
-0.010228452043937361
-0.010219720888318467
-0.010210988072250564
-0.010202253596381208
-0.010193517461357958
-0.010184779667828438
-0.01017604021644019
-0.010167299107840783
-0.01015855634267781
-0.01014981192159886
-0.010141065845251481
-0.01013231811428323
-0.010123568729341732
-0.01011481769107453
-0.01010606500012922
-0.010097310657153358
-0.01008855466279451
-0.0100797970177003
-0.010071037722518236
-0.010062276777895937
-0.010053514184480975
-0.010044749942920933
-0.010035984053863346
-0.010027216517955842
-0.01001844733584597
-0.010009676508181284
-0.010000904035609378
-0.00999212991877784
-0.009983354158334248
-0.009974576754926155
-0.009965797709201137
-0.009957017021806786
-0.009948234693390654
-0.009939450724600351
-0.009930665116083436
-0.00992187786848746
-0.009913088982460008
-0.0099042984586487
-0.009895506297701083
-0.009886712500264702
-0.009877917066987157
-0.00986911999851604
-0.009860321295498886
-0.009851520958583321
-0.009842718988416875
-0.00983391538564714
-0.0098251101509217
-0.0098163032848881
-0.009807494788193975
-0.009798684661486829
-0.009789872905414292
-0.009781059520623909
-0.009772244507763258
-0.009763427867479937
-0.009754609600421524
-0.009745789707235549
-0.009736968188569593
-0.0097281450450713
-0.00971932027738815
-0.009710493886167786
-0.009701665872057771
-0.009692836235705667
-0.009684004977759049
-0.009675172098865505
-0.009666337599672586
-0.009657501480827887
-0.009648663742978993
-0.00963982438677347
-0.009630983412858878
-0.009622140821882804
-0.009613296614492816
-0.009604450791336505
-0.009595603353061446
-0.009586754300315208
-0.009577903633745352
-0.00956905135399945
-0.00956019746172513
-0.009551341957569903
-0.009542484842181372
-0.009533626116207127
-0.009524765780294703
-0.009515903835091717
-0.009507040281245717
-0.0094981751194043
-0.009489308350215026
-0.009480439974325466
-0.009471569992383206
-0.009462698405035823
-0.009453825212930879
-0.009444950416715957
-0.009436074017038627
-0.009427196014546493
-0.0094183164098871
-0.009409435203708016
-0.009400552396656835
-0.009391667989381134
-0.009382781982528482
-0.009373894376746449
-0.009365005172682636
-0.009356114370984566
-0.009347221972299844
-0.009338327977276075
-0.009329432386560801
-0.009320535200801592
-0.009311636420646044
-0.009302736046741705
-0.009293834079736196
-0.009284930520277037
-0.009276025369011828
-0.009267118626588173
-0.009258210293653596
-0.00924930037085572
-0.009240388858842081
-0.009231475758260266
-0.009222561069757875
-0.009213644793982435
-0.009204726931581551
-0.009195807483202817
-0.009186886449493758
-0.009177963831101999
-0.009169039628675104
-0.009160113842860638
-0.00915118647430616
-0.009142257523659263
-0.009133326991567527
-0.00912439487867854
-0.009115461185639828
-0.009106525913099016
-0.00909758906170366
-0.009088650632101328
-0.009079710624939613
-0.009070769040872811
-0.009061825880582264
-0.009052881144755989
-0.009043934834082074
-0.009034986949248546
-0.009026037490943483
-0.009017086459854896
-0.009008133856670897
-0.00899917968207949
-0.008990223936768769
-0.00898126662142674
-0.0089723077367415
-0.008963347283401079
-0.008954385262093545
-0.008945421673506928
-0.00893645651832931
-0.008927489797248757
-0.008918521510953301
-0.008909551660130976
-0.00890058024546982
-0.008891607267657944
-0.008882632727383374
-0.0088736566253342
-0.008864678962198417
-0.008855699738664102
-0.008846718955419323
-0.0088377366131521
-0.008828752712550533
-0.00881976725430264
-0.008810780239096493
-0.008801791667620136
-0.008792801540561623
-0.008783809858608993
-0.008774816622450343
-0.00876582183277372
-0.008756825490267125
-0.008747827595618634
-0.008738828149516351
-0.0087298271526483
-0.008720824605702449
-0.008711820509366967
-0.008702814864329892
-0.008693807671279231
-0.008684798930903063
-0.008675788643889447
-0.008666776810926423
-0.008657763432702054
-0.008648748509904382
-0.008639732043221493
-0.00863071403334139
-0.008621694480952163
-0.008612673386741865
-0.008603650751398526
-0.008594626575610236
-0.008585600860064995
-0.008576573605450917
-0.008567544812456017
-0.008558514481768361
-0.008549482614075997
-0.00854044921006699
-0.008531414270429402
-0.008522377795851238
-0.00851333978702059
-0.00850430024462552
-0.008495259169354069
-0.008486216561894291
-0.008477172422934219
-0.008468126753161937
-0.008459079553265504
-0.008450030823932933
-0.008440980565852314
-0.008431928779711686
-0.008422875466199123
-0.008413820626002629
-0.008404764259810306
-0.008395706368310187
-0.008386646952190347
-0.008377586012138812
-0.008368523548843647
-0.008359459562992907
-0.008350394055274648
-0.008341327026376915
-0.008332258476987762
-0.00832318840779524
-0.008314116819487433
-0.008305043712752362
-0.008295969088278076
-0.008286892946752677
-0.008277815288864149
-0.008268736115300617
-0.008259655426750053
-0.008250573223900597
-0.008241489507440239
-0.00823240427805707
-0.008223317536439123
-0.008214229283274456
-0.008205139519251125
-0.00819604824505718
-0.008186955461380685
-0.008177861168909681
-0.008168765368332253
-0.00815966806033641
-0.008150569245610226
-0.008141468924841756
-0.00813236709871905
-0.008123263767930176
-0.008114158933163161
-0.008105052595106061
-0.008095944754446981
-0.008086835411873891
-0.008077724568074908
-0.00806861222373805
-0.008059498379551411
-0.008050383036203007
-0.008041266194380914
-0.008032147854773164
-0.00802302801806784
-0.008013906684952972
-0.008004783856116629
-0.007995659532246839
-0.00798653371403169
-0.007977406402159212
-0.00796827759731748
-0.007959147300194518
-0.007950015511478385
-0.007940882231857162
-0.007931747462018893
-0.007922611202651607
-0.00791347345444338
-0.007904334218082254
-0.007895193494256325
-0.007886051283653578
-0.00787690758696209
-0.007867762404869952
-0.007858615738065162
-0.007849467587235832
-0.007840317953069964
-0.007831166836255654
-0.007822014237480905
-0.007812860157433823
-0.0078037045968024224
-0.007794547556274793
-0.007785389036538974
-0.007776229038283007
-0.007767067562194934
-0.00775790460896284
-0.00774874017927477
-0.007739574273818783
-0.0077304068932829
-0.007721238038355217
-0.007712067709723769
-0.007702895908076597
-0.0076937226341017755
-0.007684547888487359
-0.007675371671921374
-0.00766619398509192
-0.0076570148286870116
-0.007647834203394689
-0.0076386521099030425
-0.007629468548900128
-0.0076202835210739716
-0.00761109702711267
-0.007601909067704216
-0.007592719643536714
-0.007583528755298169
-0.007574336403676701
-0.007565142589360302
-0.007555947313037063
-0.007546750575395027
-0.007537552377122232
-0.007528352718906767
-0.007519151601436643
-0.007509949025399958
-0.007500744991484732
-0.0074915395003790275
-0.007482332552770887
-0.007473124149348394
-0.007463914290799601
-0.007454702977812515
-0.00744549021107524
-0.007436275991275801
-0.007427060319102275
-0.007417843195242673
-0.007408624620385095
-0.0073994045952176105
-0.007390183120428197
-0.007380960196704961
-0.007371735824735951
-0.0073625100052092255
-0.007353282738812804
-0.00734405402623478
-0.007334823868163201
-0.007325592265286089
-0.0073163592182915495
-0.0073071247278675856
-0.0072978887947022855
-0.007288651419483672
-0.007279412602899832
-0.007270172345638797
-0.007260930648388644
-0.007251687511837391
-0.007242442936673114
-0.007233196923583857
-0.007223949473257711
-0.007214700586382671
-0.007205450263646825
-0.007196198505738222
-0.0071869453133449205
-0.007177690687154971
-0.007168434627856413
-0.0071591771361373124
-0.007149918212685715
-0.007140657858189687
-0.007131396073337282
-0.007122132858816551
-0.00711286821531554
-0.00710360214352231
-0.0070943346441249035
-0.00708506571781138
-0.007075795365269809
-0.007066523587188231
-0.007057250384254679
-0.007047975757157251
-0.007038699706583961
-0.0070294222332229015
-0.007020143337762084
-0.007010863020889588
-0.007001581283293461
-0.006992298125661749
-0.00698301354868254
-0.006973727553043822
-0.006964440139433713
-0.006955151308540235
-0.006945861061051444
-0.006936569397655397
-0.006927276319040155
-0.006917981825893753
-0.006908685918904297
-0.006899388598759753
-0.006890089866148252
-0.006880789721757789
-0.006871488166276469
-0.006862185200392306
-0.0068528808247933955
-0.00684357504016774
-0.006834267847203455
-0.006824959246588527
-0.006815649239011047
-0.006806337825159072
-0.006797025005720639
-0.006787710781383807
-0.006778395152836622
-0.006769078120767195
-0.006759759685863493
-0.0067504398488136075
-0.006741118610305612
-0.006731795971027538
-0.0067224719316674435
-0.006713146492913393
-0.006703819655453409
-0.00669449141997556
-0.006685161787167936
-0.0066758307577185335
-0.006666498332315449
-0.0066571645116467034
-0.006647829296400382
-0.006638492687264515
-0.006629154684927169
-0.006619815290076392
-0.006610474503400233
-0.006601132325586744
-0.006591788757324016
-0.0065824437993000475
-0.006573097452202929
-0.006563749716720705
-0.00655440059354141
-0.006545050083353125
-0.006535698186843905
-0.006526344904701758
-0.006516990237614802
-0.006507634186271044
-0.006498276751358581
-0.006488917933565392
-0.00647955773357962
-0.006470196152089268
-0.006460833189782377
-0.0064514688473470486
-0.0064421031254712985
-0.006432736024843201
-0.006423367546150807
-0.006413997690082148
-0.006404626457325282
-0.006395253848568297
-0.006385879864499228
-0.006376504505806106
-0.006367127773177011
-0.006357749667299988
-0.0063483701888631
-0.0063389893385543865
-0.006329607117061887
-0.0063202235250737196
-0.006310838563277851
-0.00630145223236241
-0.006292064533015401
-0.006282675465924903
-0.006273285031778957
-0.006263893231265618
-0.006254500065072954
-0.00624510553388899
-0.00623570963840182
-0.006226312379299446
-0.006216913757269971
-0.006207513773001414
-0.006198112427181855
-0.006188709720499342
-0.0061793056536419136
-0.006169900227297633
-0.006160493442154536
-0.0061510852989007155
-0.006141675798224198
-0.006132264940813034
-0.006122852727355301
-0.006113439158539035
-0.0061040242350522845
-0.006094607957583103
-0.006085190326819558
-0.0060757713434497086
-0.006066351008161579
-0.006056929321643257
-0.0060475062845827465
-0.006038081897668167
-0.006028656161587526
-0.006019229077028905
-0.006009800644680335
-0.0060003708652298865
-0.005990939739365593
-0.005981507267775509
-0.005972073451147716
-0.005962638290170252
-0.005953201785531168
-0.005943763937918508
-0.0059343247480203535
-0.005924884216524738
-0.005915442344119711
-0.00590599913149336
-0.005896554579333698
-0.005887108688328766
-0.005877661459166682
-0.005868212892535452
-0.005858762989123131
-0.005849311749617772
-0.005839859174707457
-0.005830405265080237
-0.005820950021424123
-0.005811493444427208
-0.005802035534777522
-0.00579257629316314
-0.0057831157202721094
-0.005773653816792465
-0.0057641905834121465
-0.005754726020819133
-0.0057452601297013385
-0.005735792910746727
-0.005726324364643227
-0.0057168544920787835
-0.005707383293741339
-0.005697910770318831
-0.005688436922499214
-0.005678961750970417
-0.00566948525642041
-0.005660007439537101
-0.005650528301008447
-0.005641047841522405
-0.0056315660617668835
-0.005622082962429862
-0.005612598544199271
-0.005603112807763039
-0.005593625753809131
-0.00558413738302546
-0.005574647696099986
-0.00556515669372067
-0.005555664376575403
-0.005546170745352203
-0.00553667580073896
-0.0055271795434236005
-0.005517681974094106
-0.005508183093438414
-0.005498682902144461
-0.005489181400900187
-0.005479678590393524
-0.005470174471312456
-0.005460669044344866
-0.005451162310178734
-0.005441654269502016
-0.005432144923002611
-0.005422634271368496
-0.0054131223152876036
-0.005403609055447864
-0.0053940944925372466
-0.005384578627243674
-0.005375061460255075
-0.005365542992259424
-0.0053560232239446715
-0.005346502155998729
-0.0053369797891095385
-0.005327456123965066
-0.005317931161253215
-0.005308404901661956
-0.005298877345879255
-0.005289348494593026
-0.005279818348491205
-0.005270286908261752
-0.005260754174592608
-0.005251220148171702
-0.005241684829686986
-0.005232148219826413
-0.005222610319277889
-0.0052130711287293975
-0.005203530648868881
-0.005193988880384248
-0.005184445823963455
-0.005174901480294456
-0.0051653558500651935
-0.005155808933963597
-0.005146260732677613
-0.005136711246895177
-0.005127160477304262
-0.005117608424592797
-0.005108055089448689
-0.005098500472559935
-0.0050889445746144495
-0.005079387396300164
-0.0050698289383050476
-0.005060269201317023
-0.005050708186024036
-0.005041145893114059
-0.005031582323274978
-0.005022017477194773
-0.005012451355561371
-0.005002883959062744
-0.004993315288386805
-0.004983745344221501
-0.004974174127254788
-0.004964601638174623
-0.004955027877668898
-0.004945452846425579
-0.004935876545132624
-0.004926298974477956
-0.004916720135149545
-0.0049071400278352904
-0.0048975586532231975
-0.004887976012001134
-0.004878392104857089
-0.0048688069324789906
-0.0048592204955548056
-0.004849632794772447
-0.0048400438308198665
-0.004830453604385008
-0.004820862116155813
-0.0048112693668202295
-0.004801675357066193
-0.004792080087581628
-0.004782483559054549
-0.00477288577217281
-0.004763286727624403
-0.0047536864260972755
-0.004744084868279335
-0.004734482054858539
-0.004724877986522838
-0.004715272663960169
-0.004705666087858483
-0.0046960582589056984
-0.004686449177789792
-0.0046768388451986845
-0.004667227261820312
-0.004657614428342661
-0.004648000345453623
-0.004638385013841174
-0.004628768434193219
-0.004619150607197733
-0.004609531533542645
-0.004599911213915923
-0.004590289649005477
-0.00458066683949926
-0.004571042786085212
-0.004561417489451284
-0.0045517909502854085
-0.004542163169275535
-0.004532534147109612
-0.0045229038844755735
-0.004513272382061369
-0.004503639640554929
-0.0044940056606442
-0.004484370443017148
-0.004474733988361678
-0.004465096297365739
-0.004455457370717302
-0.0044458172091042915
-0.004436175813214645
-0.004426533183736309
-0.00441688932135724
-0.0044072442267653646
-0.004397597900648622
-0.0043879503436949725
-0.004378301556592334
-0.0043686515400286775
-0.004359000294691941
-0.004349347821270043
-0.004339694120450946
-0.00433003919292258
-0.004320383039372903
-0.004310725660489841
-0.004301067056961366
-0.004291407229475385
-0.004281746178719854
-0.004272083905382733
-0.004262420410151933
-0.0042527556937154145
-0.004243089756761125
-0.004233422599976985
-0.004223754224050999
-0.004214084629671015
-0.004204413817525036
-0.004194741788301014
-0.004185068542686838
-0.004175394081370506
-0.00416571840503993
-0.004156041514383064
-0.004146363410087856
-0.0041366840928422155
-0.004127003563334136
-0.004117321822251491
-0.004107638870282306
-0.004097954708114466
-0.004088269336435944
-0.004078582755934658
-0.004068894967298559
-0.004059205971215598
-0.004049515768373716
-0.004039824359460846
-0.004030131745164947
-0.0040204379261739405
-0.004010742903176051
-0.00400104667686058
-0.0039913492479170965
-0.00398165061703517
-0.003971950784904353
-0.0039622497522142424
-0.003952547519654408
-0.003942844087914403
-0.0039331394576838105
-0.0039234336296521686
-0.003913726604509096
-0.003904018382944135
-0.0038943089656468663
-0.003884598353306857
-0.0038748865466136555
-0.00386517354625687
-0.0038554593529260216
-0.0038457439673107237
-0.003836027390100538
-0.0038263096219850294
-0.0038165906636537864
-0.0038068705157963127
-0.003797149179102244
-0.0037874266542611552
-0.0037777029419625787
-0.003767978042896107
-0.0037582519577512674
-0.0037485246872176916
-0.0037387962319849217
-0.003729066592742529
-0.0037193357701800905
-0.0037096037649871558
-0.0036998705778533173
-0.003690136209468129
-0.0036804006605211693
-0.0036706639317019905
-0.003660926023700202
-0.0036511869372053305
-0.0036414466729069637
-0.0036317052314947256
-0.003621962613658074
-0.0036122188200866747
-0.0036024738514700535
-0.0035927277084977865
-0.0035829803918594294
-0.003573231902244595
-0.003563482240342832
-0.003553731406843695
-0.0035439794024367554
-0.0035342262278116143
-0.0035244718836578044
-0.0035147163706649126
-0.003504959689522519
-0.0034952018409201624
-0.0034854428255474594
-0.003475682644093946
-0.0034659212972492
-0.0034561587857027893
-0.0034463951101442944
-0.0034366302712632553
-0.0034268642697492836
-0.003417097106291912
-0.0034073287815807457
-0.0033975592963053354
-0.003387788651155241
-0.0033780168468200435
-0.0033682438839893396
-0.0033584697633526586
-0.003348694485599579
-0.0033389180514196773
-0.003329140461502534
-0.0033193617165376992
-0.003309581817214777
-0.003299800764223262
-0.0032900185582528368
-0.0032802351999929834
-0.0032704506901332963
-0.003260665029363336
-0.0032508782183727027
-0.0032410902578509392
-0.00323130114848762
-0.0032215108909723214
-0.0032117194859946252
-0.0032019269342440718
-0.0031921332364102393
-0.0031823383931827323
-0.003172542405251074
-0.003162745273304861
-0.003152946998033655
-0.00314314758012704
-0.003133347020274559
-0.0031235453191658068
-0.003113742477490334
-0.0031039384959377163
-0.0030941333751975412
-0.0030843271159593506
-0.0030745197189127535
-0.0030647111847472777
-0.00305490151415251
-0.0030450907078180276
-0.0030352787664334004
-0.0030254656906881713
-0.0030156514812719306
-0.0030058361388742827
-0.0029960196641847345
-0.0029862020578929017
-0.002976383320688334
-0.002966563453260602
-0.0029567424562992675
-0.0029469203304939417
-0.0029370970765341376
-0.002927272695109468
-0.002917447186909479
-0.0029076205526237563
-0.0028977927929414887
-0.0028879639085501877
-0.0028781339001370736
-0.00286830276838934
-0.0028584705139941464
-0.0028486371376386594
-0.0028388026400100546
-0.002828967021795531
-0.0028191302836822404
-0.0028092924263573727
-0.0027994534505081164
-0.0027896133568216237
-0.002779772145985096
-0.0027699298186857064
-0.002760086375610601
-0.0027502418174469956
-0.0027403961448820373
-0.0027305493586029157
-0.002720701459296825
-0.0027108524476509173
-0.00270100232435238
-0.0026911510900884065
-0.0026812987455461313
-0.0026714452914127526
-0.0026615907283754742
-0.0026517350571214353
-0.0026418782783378322
-0.002632020392711837
-0.0026221614009306125
-0.0026123013036813535
-0.0026024401016512522
-0.002592577795527437
-0.0025827143859971486
-0.002572849873747509
-0.0025629842594657175
-0.0025531175438389593
-0.0025432497275543926
-0.002533380811299192
-0.0025235107957605747
-0.002513639681625661
-0.0025037674695816523
-0.0024938941603157494
-0.0024840197545151006
-0.0024741442528668847
-0.0024642676560583036
-0.0024543899647765026
-0.002444511179708662
-0.0024346313015419837
-0.0024247503309636
-0.002414868268660649
-0.002404985115320194
-0.002395100871629286
-0.002385215538275053
-0.002375329115944585
-0.002365441605324958
-0.0023555530071032458
-0.002345663321966542
-0.002335772550601934
-0.002325880693696505
-0.0023159877519373447
-0.002306093726011538
-0.0022961986166061574
-0.002286302424408319
-0.0022764051501050707
-0.0022665067943835227
-0.002256607357930765
-0.0022467068414338594
-0.002236805245579905
-0.0022269025710559827
-0.002216998818549201
-0.0022070939887466174
-0.002197188082335308
-0.002187281100002401
-0.0021773730424349525
-0.0021674639103200395
-0.0021575537043447978
-0.0021476424251962636
-0.00213773007356152
-0.002127816650127683
-0.0021179021555818222
-0.0021079865906110133
-0.0020980699559023696
-0.0020881522521429595
-0.002078233480019874
-0.0020683136402201807
-0.0020583927334309874
-0.002048470760339379
-0.00203854772163242
-0.0020286236179972317
-0.002018698450120844
-0.002008772218690409
-0.001998844924392973
-0.0019889165679156176
-0.0019789871499454356
-0.001969056671169541
-0.0019591251322749843
-0.0019491925339488506
-0.001939258876878233
-0.0019293241617502445
-0.0019193883892519282
-0.0019094515600703967
-0.00189951367489272
-0.001889574734406
-0.0018796347392973165
-0.0018696936902537532
-0.0018597515879623964
-0.001849808433110313
-0.0018398642263846082
-0.0018299189684723824
-0.0018199726600606845
-0.0018100253018366306
-0.0018000768944872935
-0.0017901274386997695
-0.0017801769351611205
-0.0017702253845584498
-0.0017602727875788387
-0.001750319144909395
-0.0017403644572371603
-0.0017304087252492492
-0.0017204519496327605
-0.0017104941310747371
-0.0017005352702623
-0.0016905753678825319
-0.0016806144246224882
-0.0016706524411692787
-0.0016606894182100102
-0.0016507253564317418
-0.001640760256521537
-0.001630794119166524
-0.0016208269450537754
-0.0016108587348703538
-0.0016008894893033783
-0.0015909192090399176
-0.001580947894767071
-0.001570975547171886
-0.001561002166941496
-0.0015510277547629726
-0.0015410523113233718
-0.0015310758373098074
-0.001521098333409367
-0.0015111198003091128
-0.001501140238696178
-0.0014911596492575851
-0.0014811780326804583
-0.0014711953896518776
-0.0014612117208589392
-0.0014512270269887058
-0.0014412413087282901
-0.0014312545667647314
-0.0014212668017851682
-0.0014112780144766505
-0.001401288205526288
-0.0013912973756211539
-0.0013813055254483471
-0.0013713126556949063
-0.0013613187670479714
-0.0013513238601946032
-0.0013413279358218374
-0.0013313309946163105
-0.0013213330372646899
-0.0013113340644535548
-0.001301334076869523
-0.0012913330751992233
-0.0012813310601292524
-0.0012713280323462285
-0.0012613239925367713
-0.0012513189413874632
-0.0012413128795849503
-0.001231305807815829
-0.0012212977267667213
-0.0012112886371242364
-0.0012012785395749852
-0.0011912674348055735
-0.0011812553235026313
-0.0011712422063527644
-0.001161228084042578
-0.0011512129572586913
-0.0011411968266876909
-0.0011311796930162442
-0.0011211615569309032
-0.0011111424191183185
-0.0011011222802650939
-0.0010911011410578441
-0.0010810790021831774
-0.0010710558643277097
-0.0010610317281780671
-0.0010510065944208313
-0.0010409804637426271
-0.0010309533368300773
-0.0010209252143697826
-0.001010896097048359
-0.0010008659855524256
-0.0009908348805685865
-0.0009808027827834592
-0.000970769692883661
-0.0009607356115557818
-0.0009507005394864946
-0.0009406644773623146
-0.0009306274258699497
-0.0009205893856959339
-0.0009105503575269647
-0.0009005103420495578
-0.0008904693399503788
-0.0008804273519160563
-0.0008703843786331721
-0.0008603404207883704
-0.0008502954790682152
-0.000840249554159368
-0.0008302026467484032
-0.0008201547575219596
-0.0008101058871666511
-0.0008000560363690444
-0.0007900052058158242
-0.0007799533961935473
-0.0007699006081888338
-0.0007598468424883193
-0.000749792099778616
-0.0007397363807463103
-0.0007296796860780389
-0.0007196220164603897
-0.0007095633725800183
-0.0006995037551234702
-0.0006894431647774352
-0.0006793816022284759
-0.0006693190681632084
-0.0006592555632682699
-0.0006491910882302483
-0.0006391256437357533
-0.0006290592304714098
-0.0006189918491238385
-0.0006089235003796593
-0.0005988541849254268
-0.0005887839034478203
-0.0005787126566334325
-0.0005686404451688539
-0.0005585672697407425
-0.0005484931310356544
-0.0005384180297402453
-0.0005283419665411113
-0.0005182649421248565
-0.0005081869571781078
-0.000498108012387464
-0.0004880281084395663
-0.000477947246020988
-0.0004678654258183719
-0.0004577826485183018
-0.0004476989148074539
-0.0004376142253723665
-0.0004275285808996898
-0.00041744198207599947
-0.0004073544295879697
-0.00039726592412216014
-0.0003871764663652215
-0.00037708605700373886
-0.00036699469672432574
-0.0003569023862136023
-0.00034680912615818037
-0.0003367149172446858
-0.0003266197601597105
-0.00031652365558987604
-0.00030642660422181293
-0.00029632860674209705
-0.0002862296638373555
-0.000276129776194213
-0.00026602894449926213
-0.0002559271694391439
-0.00024582445170044827
-0.0002357207919697965
-0.00022561619093377017
-0.0002155106492790422
-0.00020540416769219088
-0.00019529674685982422
-0.00018518838746856123
-0.00017507909020500584
-0.00016496885575580087
-0.00015485768480752576
-0.00014474557804681137
-0.00013463253616023587
-0.00012451855983446536
-0.00011440364975608312
-0.00010428780661168966
-9.417103108793814e-05
-8.405332387140265e-05
-7.393468564872141e-05
-6.381511710646905e-05
-5.369461893130131e-05
-4.357319180980895e-05
-3.3450836428612224e-05
-2.3327553474312712e-05
-1.3203343633548315e-05
-3.078207592918518e-06
7.047853960999061e-06
1.7174840341559517e-05
2.730275086213042e-05
3.74315848361357e-05
4.756134157694053e-05
5.769202039793997e-05
6.782362061252654e-05
7.795614153408561e-05
8.808958247598603e-05
9.822394275162057e-05
0.0001083592216744394
0.00011849541855772064
0.00012863253271490433
0.00013877056345942352
0.0001489095101046166
0.00015904937196386786
0.00016919014835058087
0.00017933183857813176
0.00018947444195991893
0.00019961795780932526
0.00020976238543974154
0.00021990772416454073
0.00023005397329710605
0.00024020113215086284
0.0002503492000391742
0.0002604981762754335
0.0002706480601730038
0.0002807988510452984
0.00029095054820571536
0.00030110315096760245
0.00031125665864438127
0.0003214110705494194
0.00033156638599612904
0.0003417226042978637
0.0003518797247680477
0.00036203774672002306
0.00037219666946722296
0.00038235649232299
0.00039251721460076803
0.0004026788356138884
0.00041284135467577394
0.0004230047710998067
0.00043316908419936727
0.00044333429328783405
0.0004535003976786158
0.00046366739668509104
0.0004738352896206346
0.0004840040757986625
0.0004941737545325247
0.0005043443251356244
0.0005145157869213517
0.0005246881392031229
0.0005348613812942788
0.0005450355125082326
0.0005552105321583608
0.000565386439558051
0.0005755632340206983
0.0005857409148596875
0.0005959194813884034
0.0006060989329202317
0.0006162792687685725
0.0006264604882467913
0.0006366425906683015
0.0006468255753464364
0.000657009441594681
0.0006671941887263472
0.000677379816054826
0.0006875663228935338
0.0006977537085558268
0.0007079419723551434
0.0007181311136047897
0.0007283211316182127
0.0007385120257088246
0.0007487037951899501
0.0007588964393750178
0.0007690899575773533
0.0007792843491104458
0.00078947961328761
0.0007996757494222499
0.0008098727568277462
0.000820070634817492
0.0008302693827051274
0.0008404689998051968
0.0008506694854325269
0.0008608708389019116
0.0008710730595281483
0.0008812761466259956
0.0008914800995099514
0.000901684917494451
0.0009118905998939501
0.0009220971460228792
0.0009323045551956965
0.0009425128267268083
0.0009527219599306903
0.000962931954121733
0.0009731428086144281
0.000983354522723214
0.0009935670957624968
0.0010037805270467744
0.0010139948158903933
0.001024209961607899
0.0010344259635136634
0.0010446428209221568
0.0010548605331478274
0.001065079099505094
0.0010752985193083963
0.001085518791872187
0.0010957399165109159
0.0011059618925389914
0.0011161847192708823
0.0011264083960210419
0.0011366329221038614
0.001146858296833827
0.0011570845195253772
0.0011673115894929211
0.001177539506050934
0.0011877682685138213
0.001197997876196071
0.0012082283284120658
0.0012184596244763088
0.0012286917637032127
0.0012389247454071626
0.0012491585689027183
0.0012593932335042096
0.0012696287385261422
0.0012798650832829442
0.0012901022670890356
0.0013003402892588748
0.001310579149106905
0.0013208188459475517
0.0013310593790952718
0.0013413007478644992
0.0013515429515696777
0.0013617859895252516
0.0013720298610456446
0.0013822745654453069
0.001392520102038689
0.0014027664701402218
0.0014130136690643563
0.0014232616981255252
0.0014335105566381685
0.001443760243916715
0.0014540107592756445
0.0014642621020293674
0.0014745142714923205
0.0014847672669789486
0.0014950210878037142
0.0015052757332810174
0.001515531202725357
0.0015257874954511196
0.0015360446107727758
0.001546302548004755
0.0015565613064614926
0.0015668208854574452
0.0015770812843070598
0.001587342502324757
0.0015976045388249682
0.0016078673931221512
0.0016181310645307857
0.001628395552365234
0.0016386608559399937
0.0016489269745694677
0.0016591939075681344
0.0016694616542504215
0.0016797302139307689
0.0016899995859236106
0.0017002697695433669
0.0017105407641045474
0.0017208125689215147
0.0017310851833087532
0.0017413586065807094
0.0017516328380517909
0.0017619078770364594
0.0017721837228491571
0.0017824603748043202
0.001792737832216418
0.0018030160943998184
0.0018132951606690377
0.0018235750303384913
0.001833855702722596
0.0018441371771358225
0.0018544194528926053
0.0018647025293073729
0.0018749864056945868
0.0018852710813686614
0.001895556555644054
0.0019058428278352186
0.0019161298972565626
0.00192641776322256
0.0019367064250476378
0.0019469958820462524
0.001957286133532805
0.001967577178820864
0.0019778690172204336
0.001988161648040575
0.0019984550705903826
0.0020087492841789527
0.002019044288115378
0.002029340081708726
0.002039636664268119
0.0020499340351026246
0.0020602321935213287
0.002070531138833336
0.0020808308703477163
0.002091131387373575
0.0021014326892203426
0.002111734775198685
0.0021220376446197094
0.002132341296794435
0.002142645731033876
0.002152950946649135
0.002163256942951206
0.0021735637192511962
0.002183871274860098
0.002194179609088962
0.0022044887212488685
0.002214798610650831
0.0022251092766059103
0.0022354207184251576
0.0022457329354195897
0.002256045926900252
0.002266359692178235
0.0022766742305645646
0.0022869895413705926
0.002297305623908889
0.0023076224774923955
0.002317940101433646
0.002328258495043724
0.0023385776576333992
0.0023488975885134055
0.0023592182869944774
0.0023695397523873936
0.0023798619840028562
0.002390184981151633
0.002400508743144457
0.002410833269292074
0.0024211585589052394
0.002431484611294723
0.0024418114257712155
0.002452139001645481
0.0024624673382282903
0.0024727964348303455
0.002483126290762392
0.002493456905335223
0.002503788277859573
0.0025141204076461255
0.0025244532940056786
0.0025347869362489918
0.0025451213336867367
0.00255545648562972
0.002565792391388691
0.002576129050274358
0.0025864664615974893
0.002596804624668796
0.002607143538799058
0.0026174832032990103
0.002627823617479424
0.0026381647806509863
0.002648506692124489
0.0026588493512106405
0.0026691927572202157
0.002679536909463937
0.002689881807252582
0.002700227449896841
0.002710573836707509
0.002720920966995315
0.002731268840071001
0.0027416174552453024
0.002751966811828961
0.0027623169091327443
0.0027726677464673844
0.002783019323143624
0.0027933716384722102
0.0028037246917638893
0.0028140784823293997
0.002824433009479496
0.0028347882725249145
0.0028451442707763965
0.0028555010035446965
0.002865858470140557
0.0028762166698747273
0.0028865756020579245
0.002896935266000911
0.0029072956610144644
0.002917656786409258
0.002928018641496109
0.002938381225585703
0.002948744537989447
0.0029591085780210275
0.002969473344994816
0.0029798388382251515
0.0029902050570263915
0.0030005720007128854
0.003010939668598958
0.003021308059998974
0.003031677174227289
0.0030420470105982284
0.0030524175684261304
0.0030627888470253816
0.0030731608457102875
0.0030835335637952057
0.0030939070005953297
0.003104281155429357
0.003114656027616714
0.0031250316164769375
0.003135407921329526
0.003145784941493956
0.0031561626762897344
0.0031665411250363655
0.0031769202870533413
0.0031873001616601637
0.0031976807481763196
0.003208062045921323
0.0032184440542146774
0.003228826772375859
0.0032392101997243657
0.0032495943355797066
0.003259979179261379
0.0032703647300888878
0.0032807509873817274
0.00329113795045937
0.003301525618641326
0.0033119139912471504
0.003322303067596241
0.0033326928470081693
0.0033430833288024173
0.0033534745122984658
0.003363866396814741
0.003374258981665298
0.0033846522661631195
0.003395046249621198
0.003405440931352962
0.0034158363106738835
0.003426232386899806
0.0034366291593466505
0.0034470266273303254
0.0034574247901667477
0.0034678236471718062
0.003478223197661387
0.0034886234409514144
0.0034990243763577725
0.0035094260031963767
0.003519828320783127
0.0035302313284339376
0.003540635025464685
0.003551039411191273
0.003561444484929654
0.003571850245995664
0.003582256693705235
0.003592663827374234
0.0036030716463186304
0.0036134801498542866
0.003623889337297114
0.003634299207963005
0.0036447097611678743
0.003655120996227607
0.0036655329124581173
0.003675945509175296
0.003686358785695081
0.0036967727413333225
0.0037071873754059544
0.0037176026872288823
0.0037280186761179906
0.0037384353413891943
0.0037488526823583937
0.0037592706983414783
0.0037696893886543592
0.003780108752612956
0.0037905287895331602
0.0038009494987308475
0.0038113708795219268
0.0038217929312223575
0.0038322156531479692
0.0038426390446146988
0.003853063104938434
0.0038634878334350992
0.003873913229420587
0.003884339292210798
0.0038947660211216175
0.0039051934154689712
0.003915621474568764
0.003926050197736859
0.003936479584289208
0.003946909633541697
0.003957340344810211
0.003967771717410664
0.003978203750658953
0.003988636443871011
0.003999069796362681
0.0040095038074499205
0.004019938476448598
0.004030373802674646
0.004040809785443927
0.0040512464240723784
0.004061683717875877
0.004072121666170344
0.004082560268271679
0.004092999523495771
0.004103439431158545
0.004113879990575864
0.004124321201063672
0.00413476306193784
0.004145205572514302
0.004155648732108932
0.00416609254003764
0.004176536995616348
0.004186982098160912
0.0041974278469872894
0.004207874241411351
0.0042183212807489845
0.004228768964316128
0.004239217291428671
0.004249666261402508
0.004260115873553538
0.004270566127197683
0.004281017021650828
0.004291468556228874
0.0043019207302477476
0.004312373543023312
0.004322826993871502
0.0043332810821082035
0.004343735807049331
0.004354191168010757
0.004364647164308416
0.004375103795258202
0.004385561060176028
0.004396018958377746
0.004406477489179318
0.004416936651896629
0.004427396445845569
0.00443785687034204
0.004448317924701961
0.004458779608241213
0.004469241920275712
0.004479704860121374
0.004490168427094064
0.00450063262050972
0.004511097439684211
0.004521562883933458
0.004532028952573375
0.004542495644919851
0.004552962960288781
0.00456343089799608
0.004573899457357647
0.004584368637689369
0.004594838438307185
0.0046053088585269585
0.0046157798976646045
0.004626251555036038
0.0046367238299571435
0.004647196721743813
0.004657670229711975
0.004668144353177548
0.004678619091456388
0.004689094443864415
0.004699570409717541
0.004710046988331671
0.004720524179022679
0.004731001981106496
0.004741480393899004
0.0047519594167161295
0.004762439048873761
0.004772919289687782
0.004783400138474117
0.004793881594548667
0.004804363657227338
0.004814846325826037
0.00482532959966063
0.004835813478047062
0.004846297960301201
0.004856783045738978
0.0048672687336762666
0.004877755023429008
0.004888241914313052
0.004898729405644353
0.00490921749673877
0.0049197061869122385
0.004930195475480643
0.004940685361759899
0.0049511758450659004
0.004961666924714551
0.004972158600021718
0.004982650870303372
0.0049931437348753535
0.005003637193053614
0.005014131244154026
0.005024625887492485
0.00503512112238491
0.005045616948147195
0.005056113364095272
0.005066610369545006
0.005077107963812313
0.005087606146213079
0.005098104916063233
0.00510860427267865
0.0051191042153741605
0.0051296047434601436
0.005140105856245891
0.0051506075530406955
0.005161109833153839
0.0051716126958946465
0.0051821161405723815
0.005192620166496357
0.005203124772977579
0.00521362995933389
0.005224135724884854
0.005234642068950092
0.005245148990849119
0.00525565648990153
0.005266164565426916
0.005276673216744811
0.005287182443174816
0.0052976922440365025
0.0053082026186494075
0.005318713566333177
0.005329225086407299
0.005339737178191373
0.005350249841004983
0.0053607630741677285
0.005371276876999126
0.005381791248818784
0.005392306188946265
0.005402821696701117
0.005413337771402935
0.0054238544123712965
0.005434371618925778
0.0054448893903859255
0.005455407726071329
0.0054659266253015495
0.005476446087396172
0.005486966111674755
0.005497486697456885
0.005508007844062127
0.005518529550810052
0.005529051817020233
0.005539574642012229
0.005550098025105651
0.005560621965620013
0.005571146462874932
0.005581671516189966
0.0055921971248846895
0.005602723288278678
0.005613250005691488
0.005623777276442696
0.00563430509985189
0.005644833475238609
0.005655362401922472
0.005665891879223019
0.005676421906459821
0.005686952482952455
0.005697483608020512
0.005708015280983654
0.005718547501161568
0.005729080267873896
0.005739613580440321
0.005750147438180549
0.005760681840414269
0.005771216786461076
0.005781752275640729
0.005792288307272845
0.00580282488067724
0.005813361995174195
0.005823899650084141
0.005834437844727442
0.005844976578424814
0.005855515850498207
0.005866055660269849
0.00587659600706199
0.005887136890196881
0.005897678308996766
0.005908220262783875
0.005918762750880477
0.005929305772608782
0.005939849327291066
0.005950393414249582
0.005960938032806514
0.005971483182284185
0.005982028862004779
0.005992575071290587
0.006003121809463806
0.00601366907584671
0.006024216869761527
0.006034765190530531
0.006045314037475953
0.006055863409920034
0.006066413307184983
0.006076963728593113
0.006087514673466592
0.006098066141127745
0.0061086181308987585
0.0061191706421018545
0.006129723674059205
0.006140277226093033
0.006150831297525517
0.006161385887678839
0.006171940995875248
0.006182496621436885
0.006193052763685956
0.006203609421944666
0.006214166595535235
0.00622472428377994
0.006235282486001835
0.006245841201524008
0.006256400429669587
0.006266960169761688
0.006277520421123482
0.0062880811830780415
0.006298642454948516
0.0063092042360580625
0.006319766525729761
0.006330329323286753
0.006340892628052204
0.006351456439349194
0.006362020756500841
0.006372585578830325
0.006383150905660722
0.006393716736315208
0.006404283070116855
0.0064148499063888306
0.0064254172444542625
0.00643598508363624
0.006446553423257934
0.0064571222626424495
0.00646769160111293
0.006478261437992469
0.0064888317726042284
0.00649940260427133
0.006509973932316863
0.00652054575606401
0.006531118074836518
0.006541690887960884
0.006552264194764128
0.006562837994573432
0.00657341228671586
0.006583987070518507
0.006594562345308523
0.0066051381104136435
0.006615714365164391
0.006626291108891958
0.006636868340927505
0.006647446060602233
0.0066580242672473035
0.0066686029601939235
0.0066791821387732295
0.006689761802316456
0.006700341950154767
0.006710922581619316
0.00672150369604131
0.006732085292751926
0.006742667371082358
0.006753249930363781
0.006763832969927328
0.006774416489104262
0.0067850004872257235
0.006795584963622047
0.0068061699176202636
0.006816755348546563
0.006827341255727121
0.0068379276384880954
0.006848514496155741
0.006859101828056172
0.006869689633515587
0.0068802779118601895
0.006890866662416131
0.00690145588450963
0.006912045577466819
0.006922635740613943
0.006933226373277122
0.0069438174747825975
0.006954409044456512
0.006965001081625068
0.0069755935856144384
0.006986186555750808
0.006996779991360365
0.007007373891768642
0.007017968256298602
0.007028563084272553
0.007039158375012792
0.007049754127841678
0.007060350342081496
0.007070947017054554
0.007081544152083177
0.007092141746489675
0.007102739799596376
0.007113338310725551
0.00712393727919957
0.007134536704340708
0.0071451365854712815
0.0071557369219136255
0.007166337712990058
0.007176938958022837
0.007187540656334328
0.0071981428072468365
0.00720874541008267
0.0072193484641641424
0.007229951968813559
0.007240555923353258
0.007251160327105527
0.007261765179392704
0.007272370479537077
0.00728297622686097
0.0072935824206866815
0.007304189060336586
0.00731479614513293
0.007325403674398024
0.007336011647454243
0.007346620063623869
0.007357228922229186
0.007367838222592541
0.007378447964036257
0.007389058145882619
0.007399668767453957
0.0074102798280725685
0.00742089132706078
0.0074315032637409136
0.007442115637435281
0.007452728447466166
0.007463341693155925
0.00747395537382685
0.007484569488801242
0.007495184037401445
0.007505799018949754
0.007516414432768474
0.007527030278180464
0.007537646554510705
0.007548263261084708
0.00755888039722797
0.007569497962266028
0.007580115955524355
0.0075907343763284936
0.007601353224003575
0.0076119724978733466
0.007622592197261151
0.007633212321490356
0.007643832869884347
0.00765445384176645
0.007665075236460049
0.0076756970532885
0.007686319291575173
0.0076969419506434265
0.0077075650298166435
0.007718188528418162
0.007728812445771358
0.007739436781199589
0.007750061534026228
0.00776068670357428
0.007771312289165196
0.007781938290120183
0.0077925647057603
0.007803191535406755
0.007813818778380634
0.007824446434003065
0.007835074501595204
0.007845702980478186
0.007856331869973145
0.007866961169401488
0.007877590878085889
0.007888220995349226
0.00789885152051446
0.007909482452904503
0.00792011379184229
0.007930745536650735
0.007941377686652786
0.007952010241171361
0.007962643199529374
0.00797327656104979
0.00798391032505547
0.007994544490869436
0.008005179057814518
0.008015814025213704
0.008026449392389896
0.008037085158666043
0.00804772132336507
0.008058357885809875
0.008068994845323404
0.008079632201228591
0.008090269952848348
0.008100908099505647
0.008111546640523342
0.00812218557522442
0.008132824902931775
0.008143464622968355
0.008154104734656917
0.008164745237319583
0.00817538613027838
0.008186027412855222
0.008196669084372124
0.008207311144151025
0.008217953591513946
0.008228596425782842
0.00823923964627968
0.008249883252326437
0.008260527243245119
0.008271171618357642
0.008281816376986047
0.0082924615184521
0.00830310704207701
0.008313752947181724
0.00832439923308726
0.008335045899114631
0.008345692944584806
0.008356340368818826
0.008366988171137655
0.008377636350862316
0.008388284907313784
0.008398933839813043
0.008409583147681154
0.008420232830239086
0.008430882886807801
0.008441533316708345
0.008452184119261704
0.008462835293788874
0.008473486839610838
0.008484138756048627
0.00849479104241651
0.008505443698001963
0.00851609672208577
0.008526750113948673
0.008537403872871451
0.008548057998134878
0.00855871248901971
0.00856936734480672
0.008580022564776663
0.008590678148210318
0.008601334094388437
0.008611990402591831
0.008622647072101216
0.008633304102197377
0.008643961492161095
0.008654619241273106
0.008665277348814207
0.008675935814065148
0.008686594636306694
0.008697253814819629
0.008707913348884709
0.008718573237782688
0.008729233480794362
0.008739894077200485
0.008750555026281802
0.008761216327319124
0.00877187797959317
0.008782539982384735
0.008793202334974586
0.008803865036643488
0.0088145280866722
0.008825191484341495
0.00883585522893215
0.008846519319724912
0.008857183756000548
0.008867848537039843
0.00887851366212354
0.008889179130532424
0.008899844941547276
0.008910511094448847
0.008921177588517876
0.00893184442303518
0.008942511597281492
0.008953179110537585
0.00896384696208422
0.008974515151202197
0.008985183677172253
0.008995852539275156
0.009006521736791662
0.009017191269002578
0.009027861135188647
0.00903853133463065
0.009049201866609315
0.00905987273040544
0.009070543925299794
0.009081215450573117
0.00909188730550622
0.009102559489379831
0.009113232001474729
0.009123904841071681
0.009134578007451473
0.009145251499894841
0.009155925317682587
0.009166599460095426
0.009177273926414162
0.009187948715919563
0.009198623827892395
0.00920929926161383
0.009219975016366868
0.009230651091434873
0.009241327486101252
0.009252004199649385
0.009262681231362643
0.009273358580524454
0.00928403624641821
0.009294714228327271
0.009305392525535035
0.009316071137324893
0.009326750062980282
0.00933742930178453
0.00934810885302105
0.009358788715973263
0.009369468889924501
0.009380149374158219
0.009390830167957751
0.009401511270606528
0.009412192681387927
0.009422874399585328
0.009433556424482148
0.009444238755361756
0.009454921391507567
0.009465604332202929
0.009476287576731584
0.009486971124378504
0.009497654974428914
0.009508339126168148
0.009519023578881475
0.009529708331854129
0.009540393384371442
0.009551078735718659
0.009561764385181047
0.00957245033204394
0.009583136575592587
0.009593823115112228
0.009604509949888148
0.009615197079205688
0.009625884502350067
0.00963657221860658
0.009647260227260526
0.009657948527597134
0.009668637118901733
0.009679326000459771
0.009690015171557513
0.009700704631481436
0.009711394379518004
0.009722084414953692
0.009732774737074987
0.00974346534516831
0.009754156238520164
0.009764847416416998
0.009775538878145293
0.009786230622991525
0.009796922650242125
0.009807614959183572
0.009818307549102387
0.009829000419284981
0.009839693569017836
0.00985038699758741
0.009861080704280212
0.00987177468838265
0.00988246894918124
0.009893163485962411
0.009903858298012654
0.009914553384618462
0.009925248745066248
0.009935944378642519
0.009946640284633726
0.009957336462326345
0.009968032911006853
0.00997872962996168
0.009989426618477334
0.010000123875840266
0.010010821401336946
0.010021519194253852
0.010032217253877432
0.01004291557949414
0.01005361417039051
0.010064313025852934
0.01007501214516792
0.01008571152762194
0.010096411172501442
0.010107111079092903
0.010117811246682781
0.010128511674557557
0.010139212362003694
0.010149913308307668
0.01016061451275595
0.010171315974634972
0.010182017693231253
0.010192719667831206
0.010203421897721356
0.010214124382188132
0.010224827120517995
0.01023553011199745
0.010246233355912923
0.010256936851550909
0.010267640598197887
0.010278344595140296
0.010289048841664624
0.01029975333705731
0.010310458080604872
0.01032116307159373
0.010331868309310384
0.010342573793041264
0.010353279522072885
0.01036398549569168
0.010374691713184139
0.010385398173836725
0.01039610487693587
0.010406811821768095
0.010417519007619839
0.010428226433777563
0.010438934099527756
0.010449642004156877
0.010460350146951406
0.010471058527197784
0.010481767144182514
0.010492475997192014
0.0105031850855128
0.010513894408431314
0.010524603965234032
0.010535313755207434
0.010546023777637956
0.010556734031812095
0.010567444517016307
0.010578155232537032
0.010588866177660819
0.010599577351674057
0.010610288753863233
0.010621000383514812
0.010631712239915317
0.010642424322351142
0.010653136630108768
0.010663849162474696
0.010674561918735375
0.010685274898177275
0.010695988100086876
0.010706701523750604
0.010717415168454977
0.010728129033486439
0.010738843118131437
0.010749557421676482
0.010760271943408032
0.010770986682612513
0.010781701638576465
0.01079241681058628
0.01080313219792847
0.01081384779988949
0.010824563615755829
0.010835279644813924
0.010845995886350254
0.010856712339651306
0.010867429004003518
0.010878145878693377
0.010888862963007347
0.010899580256231868
0.010910297757653465
0.01092101546655856
0.01093173338223364
0.010942451503965136
0.010953169831039604
0.01096388836274341
0.010974607098363095
0.010985326037185073
0.010996045178495837
0.011006764521581893
0.011017484065729641
0.011028203810225574
0.011038923754356193
0.011049643897407908
0.011060364238667226
0.011071084777420746
0.011081805512955447
0.011092526444558585
0.011103247571517257
0.011113968893118678
0.011124690408650016
0.011135412117398394
0.01114613401865102
0.011156856111695042
0.011167578395817621
0.011178300870305958
0.01118902353444719
0.011199746387528495
0.01121046942883703
0.011221192657659971
0.011231916073284507
0.011242639674997787
0.011253363462086961
0.011264087433839222
0.011274811589541725
0.011285535928481626
0.011296260449946135
0.01130698515322238
0.011317710037597527
0.011328435102358776
0.011339160346793274
0.011349885770188204
0.01136061137183069
0.011371337151007936
0.01138206310700714
0.011392789239115367
0.011403515546619893
0.011414242028807826
0.01142496868496635
0.011435695514382645
0.011446422516343863
0.011457149690137187
0.011467877035049765
0.011478604550368763
0.011489332235381358
0.011500060089374731
0.011510788111636016
0.011521516301452425
0.011532244658111073
0.011542973180899172
0.011553701869103877
0.011564430722012341
0.011575159738911767
0.011585888919089272
0.011596618261832045
0.011607347766427295
0.011618077432162111
0.011628807258323723
0.011639537244199276
0.01165026738907594
0.011660997692240873
0.011671728152981248
0.011682458770584268
0.011693189544337046
0.01170392047352678
0.011714651557440614
0.011725382795365748
0.011736114186589324
0.011746845730398523
0.011757577426080506
0.011768309272922443
0.011779041270211515
0.011789773417234844
0.011800505713279643
0.011811238157633092
0.011821970749582324
0.011832703488414484
0.01184343637341608
0.011854169403870615
0.011864902579060949
0.011875635898269881
0.011886369360780248
0.0118971029658749
0.011907836712836656
0.011918570600948317
0.011929304629492753
0.01194003879775274
0.011950773105011149
0.011961507550550832
0.011972242133654552
0.011982976853605177
0.01199371170968554
0.012004446701178442
0.012015181827366703
0.012025917087533772
0.012036652480965193
0.012047388006947152
0.012058123664766059
0.012068859453709252
0.012079595373064437
0.012090331422119174
0.012101067600161088
0.012111803906477816
0.012122540340356983
0.012133276901086221
0.012144013587953138
0.012154750400245374
0.012165487337250536
0.012176224398256242
0.012186961582550128
0.01219769888941983
0.012208436318152943
0.012219173868037121
0.012229911538359948
0.012240649328409106
0.012251387237472152
0.012262125264836757
0.012272863409790535
0.012283601671621095
0.012294340049616059
0.012305078543063053
0.012315817151249716
0.012326555873463672
0.01233729470899254
0.01234803365712394
0.01235877271714548
0.012369511888344805
0.012380251170009524
0.012390990561427277
0.012401730061885689
0.012412469670672365
0.012423209387074925
0.01243394921038102
0.012444689139878205
0.012455429174853807
0.012466169314595153
0.012476909558389548
0.012487649905524246
0.012498390355286581
0.012509130906963824
0.012519871559843299
0.012530612313212272
0.012541353166358054
0.012552094118567954
0.012562835169129243
0.012573576317329232
0.012584317562455205
0.012595058903794467
0.01260580034063431
0.012616541872262051
0.01262728349796495
0.012638025217030339
0.012648767028745499
0.012659508932397662
0.012670250927273993
0.012680993012661587
0.012691735187847499
0.012702477452118874
0.012713219804762742
0.012723962245066224
0.01273470477231643
0.012745447385800402
0.012756190084805295
0.012766932868618146
0.012777675736526078
0.012788418687816164
0.012799161721775486
0.012809904837691198
0.01282064803485031
0.012831391312539953
0.012842134670047228
0.012852878106659202
0.012863621621662989
0.012874365214345668
0.01288510888399433
0.012895852629896065
0.012906596451337949
0.012917340347607121
0.012928084317990635
0.012938828361775581
0.012949572478249056
0.012960316666698165
0.012971060926409988
0.012981805256671619
0.012992549656770151
0.013003294125992663
0.013014038663626258
0.013024783268958041
0.01303552794127506
0.01304627267986447
0.013057017484013283
0.013067762353008662
0.013078507286137681
0.0130892522826874
0.013099997341944947
0.013110742463197383
0.01312148764573182
0.013132232888835348
0.013142978191794795
0.01315372355389602
0.013164468974424587
0.01317521445266613
0.013185959987906221
0.013196705579430387
0.0132074512265243
0.013218196928473534
0.01322894268456364
0.013239688494080276
0.01325043435630896
0.013261180270535326
0.013271926236044968
0.013282672252123439
0.013293418318056364
0.013304164433128934
0.013314910596624895
0.013325656807827522
0.013336403066020177
0.013347149370486155
0.01335789572050883
0.013368642115371516
0.013379388554357533
0.0133901350367502
0.013400881561832861
0.013411628128888842
0.013422374737201485
0.013433121386054096
0.013443868074730024
0.013454614802512572
0.013465361568685089
0.013476108372530906
0.013486855213333331
0.01349760209037571
0.01350834900294197
0.013519095950318362
0.013529842931791795
0.013540589946649119
0.013551336994177198
0.01356208407366291
0.013572831184393152
0.013583578325654728
0.013594325496734588
0.013605072696919563
0.013615819925496528
0.013626567181752354
0.013637314464973913
0.01364806177444806
0.013658809109461715
0.013669556469301724
0.01368030385325491
0.013691051260608225
0.01370179869064848
0.013712546142662598
0.013723293615937377
0.01373404110975976
0.013744788623416585
0.013755536156194714
0.013766283707381052
0.01377703127626243
0.01378777886212577
0.013798526464257875
0.013809274081945676
0.013820021714476029
0.013830769361135788
0.013841517021211822
0.013852264693991046
0.01386301237876028
0.013873760074806582
0.013884507781417536
0.013895255497880978
0.01390600322348464
0.013916750957516317
0.013927498699263779
0.013938246448014842
0.013948994203057225
0.013959741963678734
0.013970489729167167
0.013981237498810258
0.01399198527189581
0.0140027330477116
0.014013480825545408
0.014024228604685001
0.014034976384418188
0.014045724164032705
0.014056471942816345
0.014067219720056885
0.01407796749504212
0.014088715267059805
0.014099463035397742
0.014110210799343702
0.014120958558185452
0.014131706311210754
0.014142454057707402
0.0141532017969632
0.01416394952826591
0.014174697250903274
0.014185444964163125
0.01419619266733321
0.014206940359701319
0.014217688040555202
0.01422843570918268
0.014239183364871491
0.014249931006909446
0.01426067863458429
0.01427142624718384
0.014282173843995842
0.014292921424308084
0.01430366898740835
0.0143144165325844
0.014325164059124039
0.01433591156631503
0.014346659053445145
0.014357406519802163
0.014368153964673896
0.014378901387348077
0.014389648787112491
0.014400396163254926
0.014411143515063172
0.014421890841824981
0.014432638142828141
0.01444338541736043
0.014454132664709652
0.014464879884163548
0.014475627075009889
0.0144863742365365
0.014497121368031139
0.01450786846878156
0.014518615538075569
0.014529362575200924
0.014540109579445423
0.014550856550096782
0.014561603486442896
0.01457235038777146
0.014583097253370252
0.014593844082527084
0.014604590874529696
0.01461533762866592
0.014626084344223463
0.01463683102049017
0.014647577656753778
0.01465832425230208
0.014669070806422838
0.01467981731840384
0.014690563787532886
0.014701310213097736
0.014712056594386139
0.014722802930685923
0.014733549221284833
0.014744295465470658
0.01475504166253116
0.014765787811754135
0.014776533912427389
0.014787279963838645
0.014798025965275935
0.014808771916028203
0.014819517815384603
0.014830263662634315
0.014841009457066462
0.01485175519797027
0.014862500884634873
0.014873246516349442
0.014883992092403145
0.014894737612085145
0.014905483074684613
0.014916228479490715
0.014926973825792613
0.014937719112879477
0.014948464340040464
0.014959209506564744
0.014969954611741517
0.014980699654859894
0.014991444635209057
0.015002189552078214
0.015012934404756475
0.015023679192533035
0.015034423914697047
0.015045168570537702
0.015055913159344144
0.015066657680405536
0.015077402133011055
0.015088146516449888
0.015098890830011145
0.015109635072984046
0.01512037924465774
0.015131123344321368
0.015141867371264123
0.015152611324775198
0.015163355204143698
0.015174099008658846
0.015184842737609752
0.015195586390285626
0.015206329965975604
0.015217073463968897
0.015227816883554627
0.015238560224021962
0.015249303484660094
0.015260046664758185
0.015270789763605384
0.01528153278049089
0.015292275714703788
0.015303018565533356
0.01531376133226871
0.015324504014198964
0.01533524661061338
0.015345989120801033
0.015356731544051158
0.015367473879652897
0.015378216126895414
0.015388958285067894
0.015399700353459457
0.015410442331359317
0.015421184218056619
0.015431926012840528
0.015442667715000212
0.015453409323824845
0.015464150838603577
0.01547489225862559
0.01548563358318004
0.015496374811556114
0.01550711594304295
0.015517856976929739
0.015528597912505595
0.015539338749059762
0.015550079485881376
0.015560820122259561
0.015571560657483547
0.015582301090842457
0.015593041421625469
0.015603781649121759
0.015614521772620477
0.015625261791410792
0.015636001704781896
0.01564674151202293
0.015657481212423073
0.01566822080527147
0.015678960289857297
0.015689699665469743
0.01570043893139793
0.01571117808693107
0.01572191713135831
0.015732656063968807
0.015743394884051725
0.01575413359089627
0.015764872183791554
0.01577561066202678
0.015786349024891108
0.015797087271673664
0.015807825401663683
0.01581856341415028
0.01582930130842267
0.01584003908376994
0.015850776739481338
0.015861514274845983
0.015872251689153054
0.0158829889816917
0.015893726151751126
0.01590446319862047
0.015915200121588924
0.015925936919945607
0.015936673592979737
0.015947410139980425
0.0159581465602369
0.015968882853038293
0.01597961901767377
0.01599035505343249
0.016001090959603625
0.016011826735476384
0.01602256238033985
0.016033297893483296
0.016044033274195776
0.01605476852176651
0.01606550363548468
0.01607623861463945
0.016086973458519956
0.016097708166415377
0.016108442737614873
0.016119177171407616
0.016129911467082775
0.016140645623929514
0.01615137964123703
0.016162113518294437
0.016172847254390922
0.016183580848815656
0.016194314300857816
0.016205047609806532
0.016215780774951005
0.016226513795580395
0.016237246670983876
0.01624797940045059
0.016258711983269693
0.016269444418730395
0.016280176706121828
0.016290908844733186
0.016301640833853596
0.016312372672772253
0.016323104360778343
0.016333835897160996
0.016344567281209345
0.01635529851221265
0.016366029589460034
0.016376760512240636
0.016387491279843642
0.016398221891558224
0.01640895234667354
0.016419682644478767
0.016430412784263052
0.01644114276531559
0.016451872586925508
0.01646260224838202
0.016473331748974248
0.016484061087991376
0.01649479026472258
0.016505519278457028
0.016516248128483863
0.016526976814092258
0.016537705334571405
0.016548433689210433
0.01655916187729852
0.016569889898124843
0.016580617750978584
0.016591345435148872
0.016602072949924884
0.0166128002945958
0.01662352746845077
0.016634254470778986
0.016644981300869582
0.016655707958011745
0.016666434441494647
0.016677160750607423
0.016687886884639253
0.01669861284287931
0.016709338624616783
0.016720064229140796
0.01673078965574052
0.016741514903705172
0.016752239972323855
0.016762964860885767
0.016773689568680063
0.016784414094995925
0.016795138439122493
0.016805862600348963
0.016816586577964483
0.01682731037125823
0.01683803397951935
0.016848757402037024
0.016859480638100433
0.01687020368699873
0.01688092654802105
0.016891649220456606
0.01690237170359454
0.016913093996724037
0.016923816099134244
0.01693453801011432
0.016945259728953464
0.016955981254940803
0.01696670258736554
0.01697742372551682
0.01698814466868382
0.016998865416155695
0.017009585967221616
0.017020306321170752
0.017031026477292266
0.017041746434875334
0.01705246619320909
0.017063185751582735
0.01707390510928543
0.01708462426560631
0.017095343219834604
0.017106061971259433
0.01711678051916995
0.017127498862855337
0.0171382170016048
0.01714893493470744
0.017159652661452467
0.017170370181129033
0.017181087493026305
0.017191804596433432
0.017202521490639628
0.017213238174934
0.01722395464860577
0.017234670910944053
0.017245386961238066
0.017256102798776932
0.017266818422849824
0.017277533832745932
0.017288249027754415
0.017298964007164404
0.017309678770265114
0.017320393316345696
0.0173311076446953
0.01734182175460311
0.01735253564535829
0.017363249316249996
0.0173739627665674
0.017384675995599657
0.017395389002635965
0.017406101786965462
0.017416814347877292
0.017427526684660705
0.017438238796604763
0.017448950682998714
0.017459662343131684
0.017470373776293242
0.01748108498177445
0.017491795958866786
0.017502506706861713
0.017513217225050715
0.01752392751272523
0.017534637569176753
0.017545347393696724
0.017556056985576635
0.017566766344107945
0.01757747546858209
0.017588184358290578
0.017598893012524857
0.017609601430576435
0.017620309611736683
0.017631017555297165
0.017641725260549287
0.017652432726784555
0.0176631399532944
0.01767384693937031
0.01768455368430376
0.017695260187386222
0.017705966447909113
0.017716672465163927
0.017727378238442167
0.01773808376703526
0.017748789050234682
0.01775949408733188
0.017770198877618354
0.01778090342038557
0.017791607714924964
0.01780231176052803
0.017813015556486206
0.01782371910209101
0.017834422396633864
0.017845125439406258
0.017855828229699614
0.01786653076680545
0.017877233050015214
0.017887935078620396
0.017898636851912435
0.017909338369182775
0.017920039629722932
0.01793074063282434
0.017941441377778502
0.01795214186387684
0.01796284209041085
0.017973542056671985
0.017984241761951725
0.01799494120554152
0.018005640386732844
0.018016339304817178
0.018027037959085963
0.01803773634883068
0.018048434473342794
0.018059132331913783
0.018069829923835084
0.018080527248398197
0.018091224304894557
0.018101921092615665
0.018112617610852973
0.01812331385889793
0.018134009836042027
0.01814470554157672
0.018155400974793488
0.01816609613498377
0.018176791021439046
0.018187485633450812
0.018198179970310497
0.01820887403130956
0.018219567815739524
0.01823026132289223
0.018240954552061445
0.018251647502541317
0.018262340173626
0.018273032564609652
0.018283724674786454
0.018294416503450532
0.018305108049896077
0.018315799313417255
0.018326490293308184
0.018337180988863083
0.01834787139937607
0.018358561524141326
0.01836925136245299
0.018379940913605244
0.01839063017689223
0.018401319151608145
0.01841200783704711
0.0184226962325033
0.018433384337270885
0.018444072150644017
0.018454759671916867
0.01846544690038357
0.01847613383533829
0.018486820476075243
0.01849750682188853
0.018508192872072317
0.018518878625920807
0.018529564082728107
0.01854024924178841
0.01855093410239587
0.018561618663844637
0.01857230292542891
0.018582986886442793
0.01859367054618049
0.018604353903936156
0.018615036959003933
0.018625719710677998
0.018636402158252508
0.018647084301021608
0.018657766138279488
0.01866844766932028
0.018679128893438177
0.018689809809927318
0.018700490418081868
0.018711170717195982
0.018721850706563837
0.01873253038547957
0.018743209753237358
0.018753888809131345
0.01876456755245574
0.018775245982504653
0.018785924098572257
0.018796601899952723
0.018807279385940196
0.018817956555828855
0.01882863340891285
0.01883930994448636
0.018849986161843517
0.018860662060278498
0.018871337639085467
0.018882012897558538
0.018892687834991966
0.018903362450679834
0.018914036743916347
0.018924710713995638
0.01893538436021186
0.018946057681859193
0.018956730678231826
0.018967403348623863
0.018978075692329503
0.01898874770864288
0.018999419396858175
0.019010090756269547
0.019020761786171143
0.01903143248585715
0.0190421028546217
0.019052772891758975
0.019063442596563125
0.019074111968328315
0.019084781006348712
0.019095449709918444
0.019106118078331697
0.019116786110882664
0.019127453806865462
0.019138121165574267
0.01914878818630322
0.019159454868346512
0.0191701212109983
0.019180787213552698
0.01919145287530393
0.01920211819554613
0.01921278317357345
0.019223447808680065
0.01923411210016013
0.01924477604730782
0.019255439649417273
0.01926610290578265
0.01927676581569814
0.019287428378457885
0.019298090593356035
0.019308752459686766
0.019319413976744217
0.019330075143822602
0.01934073596021603
0.019351396425218676
0.019362056538124717
0.019372716298228277
0.01938337570482356
0.019394034757204696
0.019404693454665854
0.019415351796501196
0.019426009782004924
0.019436667410471124
0.01944732468119401
0.0194579815934677
0.019468638146586368
0.01947929433984421
0.019489950172535374
0.019500605643954002
0.01951126075339426
0.019521915500150318
0.019532569883516315
0.019543223902786448
0.01955387755725484
0.019564530846215688
0.01957518376896311
0.019585836324791335
0.01959648851299443
0.019607140332866643
0.019617791783702068
0.01962844286479491
0.0196390935754393
0.01964974391492944
0.019660393882559468
0.019671043477623537
0.019681692699415797
0.019692341547230416
0.019702990020361594
0.019713638118103435
0.019724285839750146
0.019734933184595863
0.019745580151934766
0.019756226741060985
0.019766872951268714
0.019777518781852056
0.019788164232105252
0.0197988093013224
0.01980945398879772
0.01982009829382531
0.019830742215699367
0.019841385753714053
0.019852028907163498
0.019862671675341895
0.019873314057543386
0.01988395605306215
0.019894597661192344
0.019905238881228103
0.01991587971246362
0.019926520154193043
0.019937160205710527
0.019947799866310248
0.019958439135286367
0.019969078011933036
0.019979716495544392
0.019990354585414632
0.02000099228083793
0.02001162958110838
0.020022266485520197
0.020032902993367525
0.020043539103944536
0.02005417481654539
0.020064810130464246
0.020075445044995244
0.020086079559432563
0.020096713673070362
0.020107347385202805
0.020117980695124056
0.02012861360212826
0.0201392461055096
0.020149878204562207
0.020160509898580276
0.020171141186857935
0.020181772068689367
0.02019240254336874
0.020203032610190182
0.0202136622684479
0.020224291517436
0.020234920356448683
0.02024554878478009
0.020256176801724386
0.020266804406575745
0.02027743159862833
0.02028805837717629
0.020298684741513775
0.020309310690934966
0.02031993622473401
0.020330561342205063
0.020341186042642297
0.02035181032533989
0.020362434189591962
0.020373057634692684
0.020383680659936277
0.020394303264616834
0.020404925448028532
0.02041554720946551
0.020426168548222007
0.02043678946359209
0.020447409954869964
0.020458030021349802
0.020468649662325738
0.020479268877091953
0.020489887664942603
0.020500506025171835
0.020511123957073836
0.020521741459942726
0.020532358533072715
0.02054297517575793
0.02055359138729253
0.020564207166970713
0.0205748225140866
0.02058543742793436
0.020596051907808166
0.020606665953002184
0.02061727956281054
0.020627892736527455
0.020638505473447012
0.020649117772863445
0.02065972963407087
0.020670341056363454
0.020680952039035375
0.020691562581380763
0.020702172682693844
0.02071278234226869
0.020723391559399545
0.020734000333380475
0.02074460866350576
0.020755216549069457
0.020765823989365766
0.020776430983688855
0.020787037531332892
0.020797643631592037
0.02080824928376043
0.020818854487132218
0.020829459241001602
0.02084006354466273
0.020850667397409758
0.020861270798536852
0.020871873747338142
0.02088247624310783
0.02089307828514006
0.020903679872729005
0.020914281005168806
0.020924881681753642
0.020935481901777662
0.020946081664536435
0.020956680969331225
0.02096727981546467
0.020977878202239456
0.020988476128958187
0.020999073594923583
0.021009670599438264
0.02102026714180487
0.021030863221326097
0.021041458837304582
0.021052053989043036
0.021062648675844016
0.02107324289701026
0.0210838366518444
0.02109442993964905
0.02110502275972695
0.021115615111380694
0.021126206993912974
0.02113679840662644
0.02114738934882372
0.021157979819807507
0.021168569818874012
0.021179159345293633
0.021189748398330426
0.021200336977248213
0.021210925081311158
0.021221512709783105
0.021232099861928116
0.021242686537010124
0.021253272734293137
0.02126385845304115
0.021274443692518092
0.021285028451988004
0.021295612730714807
0.021306196527962517
0.021316779842995095
0.021327362675076546
0.02133794502347082
0.021348526887441356
0.021359108266249097
0.021369689159154517
0.021380269565418067
0.02139084948430009
0.021401428915061083
0.021412007856961453
0.021422586309261585
0.02143316427122196
0.0214437417420964
0.021454318721112663
0.021464895207491907
0.021475471200455235
0.021486046699223826
0.021496621703018883
0.02150719621106152
0.02151777022257294
0.02152834373677424
0.021538916752886605
0.02154948927013119
0.021560061287729186
0.0215706328049017
0.021581203820869938
0.021591774334855016
0.021602344346078144
0.021612913853760452
0.021623482857123066
0.02163405135538719
0.02164461934777396
0.02165518683350455
0.02166575381179848
0.02167632028186873
0.021686886242926577
0.02169745169418342
0.021708016634850506
0.02171858106413924
0.021729144981260932
0.02173970838542691
0.021750271275848436
0.021760833651736956
0.021771395512304618
0.021781956856767367
0.021792517684342008
0.02180307799424531
0.021813637785694066
0.021824197057905097
0.021834755810095224
0.021845314041481205
0.021855871751279874
0.02186642893870802
0.021876985602982443
0.021887541743319958
0.021898097358937364
0.0219086524490514
0.021919207012878958
0.021929761049636804
0.02194031455854172
0.021950867538810544
0.021961419989661772
0.021971971910323244
0.021982523300034012
0.021993074158035593
0.022003624483568296
0.022014174275871684
0.02202472353419773
0.02203527225780189
0.022045820445939435
0.02205636809786584
0.022066915212836442
0.02207746179010663
0.022088007828931812
0.0220985533285694
0.022109098288285063
0.022119642707346433
0.022130186585021246
0.022140729920577175
0.022151272713281885
0.02216181496240307
0.022172356667208442
0.022182897826965663
0.02219343844094242
0.02220397850840642
0.022214518028625348
0.022225057000866858
0.02223559542439866
0.022246133298488447
0.02225667062240388
0.022267207395412686
0.02227774361678253
0.022288279285781143
0.022298814401676283
0.022309348963735678
0.022319882971227053
0.02233041642341818
0.02234094931957678
0.0223514816589706
0.022362013440867377
0.02237254466453483
0.02238307532924072
0.022393605434252832
0.022404134978838825
0.022414663962266466
0.02242519238380352
0.0224357202427177
0.022446247538276783
0.022456774269747883
0.0224673004363958
0.022477826037484754
0.022488351072278985
0.022498875540042707
0.022509399440040087
0.022519922771535947
0.02253044553379754
0.022540967726092657
0.022551489347689115
0.022562010397854715
0.022572530875857307
0.02258305078096467
0.02259357011244462
0.022604088869565008
0.0226146070515936
0.022625124657798222
0.0226356416874467
0.022646158139806853
0.022656674014146463
0.02266718930973334
0.022677704025834782
0.022688218161718177
0.022698731716650836
0.02270924468990003
0.022719757080733566
0.022730268888420762
0.02274078011223134
0.02275129075143862
0.022761800805329985
0.02277231027319629
0.02278281915432842
0.022793327448017285
0.022803835153553727
0.022814342270228678
0.022824848797332993
0.022835354734157563
0.022845860079993258
0.022856364834130997
0.02286686899586161
0.022877372564476046
0.02288787553926515
0.022898377919519822
0.022908879704530923
0.02291938089358935
0.022929881485986014
0.022940381481011764
0.022950880877957512
0.022961379676114127
0.02297187787477246
0.022982375473229247
0.02299287247080438
0.02300336886682347
0.02301386466061222
0.023024359851496316
0.023034854438801426
0.023045348421853257
0.023055841799977446
0.023066334572499687
0.023076826738745653
0.023087318298041004
0.02309780924971146
0.02310829959308264
0.023118789327480266
0.02312927845223002
0.02313976696665752
0.02315025487008852
0.02316074216184861
0.023171228841263276
0.02318171490765673
0.023192200360353042
0.023202685198676222
0.023213169421950227
0.02322365302949431
0.023234136020608382
0.023244618394587514
0.02325510015072689
0.02326558128832155
0.023276061806666637
0.023286541705057257
0.023297020982788515
0.023307499639155512
0.023317977673453394
0.023328455084977218
0.0233389318730221
0.023349408036883224
0.023359883575855625
0.023370358489234588
0.023380832776315308
0.023391306436393082
0.023401779468768598
0.02341225187276443
0.02342272364770866
0.02343319479292934
0.02344366530775453
0.02345413519151226
0.023464604443530664
0.023475073063137262
0.02348554104965774
0.023496008402417334
0.02350647512074122
0.023516941203954603
0.023527406651382702
0.023537871462350715
0.02354833563618383
0.023558799172207327
0.023569262069746327
0.023579724328129954
0.02359018594670297
0.023600646924814013
0.023611107261811752
0.02362156695704482
0.023632026009851047
0.02364248441952528
0.023652942185351425
0.02366339930661353
0.023673855782594004
0.02368431161256918
0.023694766795813917
0.02370522133160296
0.023715675219211137
0.023726128457913262
0.023736581046984097
0.023747032985698496
0.023757484273331204
0.023767934909157105
0.023778384892450943
0.023788834222487495
0.02379928289854165
0.02380973091988816
0.023820178285801817
0.023830624995557423
0.02384107104842982
0.02385151644369381
0.023861961180624173
0.023872405258495696
0.023882848676583218
0.023893291434161506
0.023903733530505396
0.023914174964889696
0.02392461573658918
0.02393505584487865
0.02394549528903295
0.023955934068326846
0.02396637218203514
0.023976809629432647
0.023987246409794202
0.023997682522394544
0.024008117966508525
0.024018552741410952
0.024028986846376575
0.02403942028068079
0.02404985304360113
0.02406028513441571
0.024070716552402602
0.0240811472968399
0.024091577367005717
0.024102006762178125
0.024112435481635223
0.024122863524655123
0.024133290890515906
0.024143717578495653
0.024154143587872486
0.024164568917924487
0.024174993567929792
0.02418541753716639
0.02419584082491248
0.024206263430446098
0.02421668535304733
0.024227106592004194
0.024237527146606663
0.024247947016144585
0.024258366199908114
0.02426878469718707
0.024279202507271464
0.02428961962945132
0.02430003606301657
0.02431045180725713
0.024320866861463012
0.02433128122492422
0.024341694896930676
0.024352107876772368
0.02436252016373922
0.02437293175712329
0.02438334265622456
0.02439375286034508
0.024404162368786963
0.024414571180852194
0.024424979295842867
0.024435386713061034
0.024445793431808763
0.024456199451384466
0.024466604771072382
0.02447700939015301
0.02448741330790691
0.024497816523614685
0.024508219036556853
0.024518620846014014
0.024529021951266737
0.024539422351595556
0.024549822046281027
0.024560221034602342
0.024570619315832938
0.02458101688924501
0.02459141375411058
0.02460180990970174
0.02461220535529823
0.02462260009021019
0.024632994113755344
0.024643387425251448
0.02465378002401627
0.024664171909367573
0.024674563080623057
0.024684953537099714
0.02469534327811097
0.024705732302970226
0.024716120610993375
0.024726508201497136
0.02473689507379811
0.024747281227212883
0.024757666661058223
0.02476805137465066
0.02477843536730692
0.02478881863834357
0.02479920118707731
0.02480958301282468
0.024819964114902456
0.024830344492627197
0.024840724145315587
0.024851103072284397
0.02486148127285105
0.024871858746333155
0.024882235492048283
0.024892611509315554
0.024902986797460204
0.02491336135580902
0.02492373518368878
0.024934108280426217
0.02494448064534809
0.02495485227778123
0.02496522317705232
0.024975593342488195
0.024985962773412033
0.024996331469132885
0.025006699428956104
0.02501706665218716
0.025027433138131498
0.025037798886094583
0.025048163895381788
0.02505852816529861
0.025068891695150454
0.02507925448424276
0.02508961653188096
0.02509997783737052
0.025110338400016384
0.025120698219121714
0.02513105729398923
0.025141415623921547
0.02515177320822142
0.02516213004619137
0.025172486137133247
0.025182841480348755
0.02519319607514107
0.025203549920819208
0.0252139030166938
0.025224255362076172
0.025234606956281453
0.02524495779862563
0.025255307888424717
0.02526565722499472
0.025276005807651627
0.025286353635711422
0.025296700708490116
0.02530704702530369
0.025317392585468224
0.025327737388299628
0.025338081433113932
0.02534842471922714
0.02535876724595523
0.025369109012614216
0.02537945001852013
0.025389790262988928
0.025400129745336623
0.025410468464879234
0.025420806420932723
0.025431143612813113
0.025441480039836355
0.02545181570131855
0.025462150596568166
0.025472484724863843
0.025482818085476738
0.025493150677678128
0.025503482500739135
0.025513813553930887
0.025524143836524654
0.025534473347791575
0.025544802087002817
0.025555130053429603
0.025565457246343067
0.02557578366501442
0.025586109308714848
0.025596434176715473
0.02560675826828756
0.025617081582702216
0.025627404119230684
0.025637725877144076
0.02564804685571364
0.0256583670542105
0.025668686471905882
0.025679005108070942
0.02568932296197689
0.025699640032895876
0.02570995632010421
0.025720271822879247
0.025730586540498243
0.025740900472238544
0.02575121361737745
0.025761525975192268
0.02577183754496033
0.025782148325958938
0.025792458317465437
0.0258027675187571
0.025813075929110276
0.025823383547797507
0.025833690374091448
0.025843996407269327
0.02585430164660934
0.02586460609138983
0.025874909740889008
0.025885212594385146
0.025895514651156547
0.02590581591048149
0.025916116371638216
0.025926416033904994
0.025936714896560138
0.025947012958881906
0.02595731022014854
0.025967606679638343
0.02597790233662959
0.02598819719040049
0.025998491240229408
0.026008784485394558
0.02601907692517424
0.0260293685588467
0.026039659385690212
0.0260499494049831
0.026060238616003546
0.026070527018029907
0.026080814610340425
0.02609110139221335
0.026101387362926994
0.026111672521759582
0.02612195686798942
0.026132240400894787
0.026142523119753923
0.02615280502384514
0.02616308611244666
0.0261733663848368
0.02618364584029383
0.026193924478095997
0.026204202297521566
0.02621447929784885
0.026224755478356086
0.026235030838321547
0.02624530537702354
0.02625557909374031
0.02626585198775014
0.02627612405833126
0.026286395304762022
0.02629666572632344
0.026306935322307854
0.026317204092010445
0.02632747203472639
0.026337739149750735
0.026348005436378653
0.026358270893905307
0.02636853552162588
0.026378799318835435
0.026389062284829148
0.026399324418902196
0.026409585720349682
0.02641984618846675
0.02643010582254861
0.026440364621890273
0.02645062258578701
0.02646087971353394
0.0264711360044261
0.026481391457758796
0.02649164607282679
0.026501899848923916
0.026512152785342406
0.026522404881369827
0.02653265613629243
0.026542906549396523
0.02655315611996839
0.026563404847294376
0.026573652730660726
0.02658389976935371
0.026594145962659677
0.02660439130986491
0.026614635810255652
0.02662487946311825
0.026635122267739
0.026645364223404144
0.026655605329400017
0.026665845585012893
0.026676084989529152
0.0266863235422349
0.0266965612424166
0.02670679808936047
0.02671703408235284
0.02672726922067996
0.02673750350362819
0.026747736930483757
0.02675796950053296
0.026768201213061445
0.02677843206735207
0.026788662062686833
0.026798891198347996
0.02680911947361769
0.026819346887779982
0.02682957344012674
0.026839799129951793
0.026850023956548924
0.02686024791921195
0.026870471017234734
0.026880693249911013
0.02689091461653467
0.02690113511639947
0.026911354748799236
0.026921573513027826
0.02693179140837897
0.026942008434146555
0.026952224589624353
0.026962439874106185
0.0269726542868859
0.026982867827257225
0.026993080494514075
0.027003292287950224
0.027013503206859434
0.027023713250535583
0.02703392241827248
0.027044130709363918
0.027054338123103684
0.02706454465878564
0.027074750315703597
0.027084955093151338
0.027095158990422676
0.027105362006811448
0.02711556414160827
0.027125765394090874
0.027135965763533845
0.027146165249211773
0.027156363850399212
0.027166561566370734
0.02717675839640092
0.02718695433976435
0.027197149395735518
0.02720734356358909
0.02721753684259959
0.027227729232041604
0.027237920731189663
0.027248111339318357
0.027258301055702313
0.027268489879616
0.02727867781033407
0.02728886484713102
0.02729905098928148
0.027309236236060002
0.027319420586741163
0.02732960404059951
0.02733978659690963
0.027349968254946094
0.02736014901398345
0.02737032887329628
0.02738050783215917
0.027390685889846673
0.027400863045633352
0.027411039298793807
0.02742121464860258
0.027431389094334235
0.02744156263526338
0.02745173527066453
0.027461906999812276
0.027472077821981213
0.027482247736445906
0.027492416742480888
0.027502584839360786
0.027512752026360103
0.02752291830275346
0.027533083667815393
0.02754324812082051
0.02755341166104332
0.02756357428775845
0.027573736000240434
0.02758389679776389
0.027594056679603324
0.027604215645033365
0.02761437369332851
0.027624530823763392
0.0276346870356126
0.02764484232815062
0.027654996700652072
0.027665150152391554
0.027675302682643538
0.027685454290682705
0.027695604975783588
0.027705754737220704
0.02771590357426868
0.02772605148620206
0.027736198472295442
0.027746344531823366
0.027756489664060413
0.02776663386828117
0.02777677714376017
0.027786919489772
0.027797060905591246
0.02780720139049243
0.02781734094375016
0.027827479564639022
0.027837617252433576
0.027847754006408376
0.027857889825837936
0.027868024709996955
0.027878158658159947
0.027888291669601856
0.02789842374359762
0.02790855487942215
0.02791868507635041
0.02792881433365735
0.027938942650617898
0.027949070026507004
0.02795919646059961
0.02796932195217064
0.02797944650049509
0.027989570104847844
0.02799969276450384
0.028009814478738095
0.02801993524682545
0.028030055068040936
0.028040173941659474
0.028050291866955963
0.028060408843205365
0.02807052486968267
0.028080639945662747
0.028090754070420592
0.028100867243231138
0.028110979463369302
0.028121090730110057
0.028131201042728326
0.02814131040049906
0.028151418802697205
0.028161526248593593
0.028171632737442644
0.02818173826849463
0.028191842840999938
0.02820194645420879
0.028212049107371576
0.0282221507997386
0.0282322515305601
0.028242351299086484
0.02825245010456797
0.028262547946254934
0.02827264482339765
0.02828274073524648
0.028292835681051648
0.028302929660063557
0.028313022671532444
0.028323114714708678
0.028333205788842547
0.028343295893184333
0.02835338502698439
0.028363473189493
0.028373560379960475
0.02838364659763717
0.028393731841773344
0.028403816111619323
0.028413899406425438
0.02842398172544193
0.02843406306791922
0.0284441434331075
0.028454222820257218
0.028464301228618556
0.02847437865744191
0.028484455105977545
0.028494530573475774
0.02850460505918692
0.02851467856236131
0.028524751082249222
0.028534822618100978
0.028544893169166904
0.028554962734697282
0.02856503131394246
0.028575098906152712
0.028585165510578377
0.028595231126469754
0.028605295753077166
0.02861535938965088
0.02862542203544127
0.028635483689698593
0.028645544351673227
0.028655604020615382
0.02866566269577546
0.028675720376403757
0.028685777061750493
0.028695832751066103
0.02870588744360084
0.028715941138604997
0.028725993835328922
0.02873604553302294
0.028746096230937275
0.02875614592832233
0.028766194624428372
0.028776242318505733
0.0287862890098047
0.028796334697575608
0.02880637938106875
0.028816423059534448
0.02882646573222298
0.028836507398384705
0.028846548057269904
0.028856587708128923
0.028866626350212036
0.028876663982769567
0.028886700605051784
0.028896736216309084
0.028906770815791717
0.02891680440275
0.02892683697643424
0.0289368685360948
0.028946899080981914
0.02895692861034599
0.02896695712343721
0.028976984619505923
0.028987011097802245
0.028997036557576236
0.02900706099807795
0.029017084418557493
0.029027106818264915
0.029037128196450237
0.029047148552363615
0.029057167885255045
0.029067186194374754
0.02907720347897335
0.029087219738301407
0.029097234971609712
0.0291072491781489
0.029117262357169653
0.02912727450792269
0.02913728562965868
0.029147295721628302
0.029157304783082223
0.029167312813271146
0.02917731981144574
0.029187325776856746
0.029197330708754778
0.02920733460639052
0.029217337469014733
0.029227339295878008
0.029237340086231092
0.02924733983932465
0.029257338554409366
0.029267336230735904
0.029277332867554975
0.02928732846411726
0.029297323019673454
0.02930731653347422
0.029317309004770233
0.02932730043281218
0.029337290816850787
0.02934728015613669
0.029357268449920614
0.029367255697453205
0.029377241897985146
0.02938722705076714
0.029397211155049893
0.029407194210084066
0.02941717621512031
0.02942715716940935
0.029437137072201885
0.02944711592274854
0.029457093720300052
0.02946707046410713
0.02947704615342037
0.029487020787490513
0.029496994365568237
0.02950696688690421
0.029516938350749134
0.029526908756353658
0.029536878102966242
0.029546846389826055
0.02955681361617
0.02956677978123506
0.029576744884258183
0.029586708924476658
0.02959667190112791
0.029606633813449326
0.029616594660678185
0.029626554442051985
0.029636513156808025
0.029646470804183703
0.029656427383416388
0.029666382893743452
0.029676337334402312
0.029686290704630296
0.029696243003664795
0.02970619423074319
0.029716144385102845
0.02972609346598119
0.029736041472615476
0.029745988404243234
0.02975593426010174
0.029765879039428348
0.02977582274146055
0.029785765365435642
0.029795706910591024
0.029805647376164018
0.029815586761392086
0.029825525065512542
0.029835462287762772
0.029845398427380168
0.029855333483602118
0.02986526745566595
0.02987520034280911
0.0298851321442689
0.029895062859282742
0.029904992487088007
0.02991492102692203
0.029924848478022258
0.029934774839626022
0.02994470011097072
0.02995462429129371
0.029964547379832365
0.02997446937582408
0.029984390278506218
0.029994310087116144
0.030004228800891267
0.030014146419068927
0.030024062940886536
0.030033978365581443
0.030043892692391036
0.030053805920552654
0.030063718049303776
0.030073629077881678
0.030083539005523727
0.03009344783146739
0.030103355554949963
0.030113262175208905
0.0301231676914815
0.030133072103005174
0.03014297540901727
0.030152877608755235
0.03016277870145633
0.03017267868635806
0.030182577562697696
0.03019247532971267
0.03020237198664036
0.03021226753271814
0.030222161967183338
0.030232055289273384
0.030241947498225653
0.030251838593277472
0.030261728573666262
0.030271617438629408
0.030281505187404235
0.030291391819228162
0.03030127733333856
0.030311161728972778
0.030321045005368218
0.030330927161762257
0.030340808197392287
0.030350688111495626
0.030360566903309696
0.03037044457207207
0.030380321117021127
0.030390196537395463
0.03040007083243362
0.030409944001374284
0.030419816043455943
0.03042968695791724
0.030439556743996718
0.030449425400933015
0.030459292927964694
0.03046915932433036
0.030479024589268565
0.030488888722017934
0.030498751721817024
0.030508613587904444
0.030518474319518776
0.030528333915898594
0.030538192376282493
0.030548049699909097
0.03055790588601694
0.030567760933844633
0.03057761484263076
0.030587467611613895
0.03059731924003265
0.030607169727125603
0.030617019072131352
0.030626867274288448
0.030636714332835546
0.030646560247011144
0.030656405016053927
0.030666248639202386
0.030676091115695168
0.03068593244477088
0.030695772625668038
0.030705611657625295
0.0307154495398812
0.03072528627167436
0.030735121852243363
0.030744956280826772
0.030754789556663182
0.030764621678991223
0.030774452647049425
0.030784282460076404
0.030794111117310754
0.030803938617991033
0.030813764961355853
0.03082359014664383
0.03083341417309347
0.030843237039943447
0.03085305874643228
0.030862879291798623
0.03087269867528099
0.030882516896118043
0.030892333953548293
0.030902149846810376
0.03091196457514291
0.03092177813778439
0.030931590533973465
0.030941401762948753
0.030951211823948756
0.03096102071621212
0.03097082843897744
0.030980634991483263
0.03099044037296822
0.03100024458267087
0.031010047619829784
0.03101984948368359
0.031029650173470848
0.03103944968843018
0.03104924802780013
0.03105904519081586
0.031068841176698867
0.031078635984667136
0.031088429613938758
0.03109822206373167
0.031108013333263976
0.03111780342175369
0.031127592328418777
0.031137380052477376
0.031147166593147438
0.031156951949646967
0.031166736121194073
0.031176519107006737
0.03118630090630301
0.03119608151830089
0.031205860942218423
0.031215639177273633
0.031225416222684543
0.03123519207766921
0.03124496674144564
0.03125474021323187
0.031264512492245926
0.031274283577705814
0.03128405346882959
0.03129382216483479
0.03130358966493721
0.03131335596835206
0.031323121074294615
0.031332884981980176
0.031342647690624004
0.031352409199441336
0.03136216950764749
0.03137192861445771
0.03138168651908726
0.031391443220751415
0.031401198718665466
0.03141095301204466
0.031420706100104265
0.03143045798205957
0.03144020865712582
0.03144995812451833
0.03145970638345232
0.03146945343314309
0.03147919927280594
0.03148894390165607
0.03149868731890882
0.031508429523779434
0.03151817051548323
0.03152791029323541
0.03153764885625127
0.03154738620374614
0.03155712233493523
0.03156685724903386
0.03157659094525726
0.031586323422820715
0.03159605468093952
0.031605784718828925
0.031615513535704215
0.03162524113078067
0.031634967503273534
0.031644692652398144
0.031654416577369705
0.03166413927740353
0.03167386075171489
0.03168358099951904
0.03169330002003124
0.03170301781246684
0.031712734376041045
0.031722449709969125
0.03173216381346639
0.03174187668574808
0.03175158832602953
0.03176129873352591
0.031771007907452596
0.03178071584702481
0.03179042255145783
0.03180012801996696
0.03180983225176743
0.031819535246074546
0.03182923700210356
0.03183893751906974
0.0318486367961884
0.03185833483267479
0.03186803162774416
0.03187772718061181
0.03188742149049305
0.03189711455660309
0.03190680637815721
0.031916496954370724
0.03192618628445886
0.03193587436763696
0.031945561203120226
0.03195524679012392
0.03196493112786339
0.031974614215554344
0.03198429605241451
0.03199397663766203
0.03200365597051511
0.0320133340501919
0.03202301087591063
0.03203268644688939
0.03204236076234641
0.03205203382149991
0.03206170562356796
0.03207137616776885
0.032081045453320654
0.03209071347944165
0.03210038024534994
0.03211004575026374
0.032119709993401226
0.03212937297398051
0.032139034691219905
0.032148695144337464
0.032158354332551396
0.03216801225507994
0.03217766891114119
0.03218732429995337
0.03219697842073463
0.03220663127270318
0.03221628285507718
0.0322259331670748
0.03223558220791422
0.03224522997681363
0.032254876472991204
0.03226452169566512
0.03227416564405356
0.03228380831737464
0.032293449714846635
0.03230308983568767
0.03231272867911593
0.032322366244349594
0.03233200253060685
0.03234163753710583
0.03235127126306477
0.03236090370770181
0.03237053487023515
0.03238016474988296
0.03238979334586343
0.03239942065739472
0.032409046683694945
0.03241867142398245
0.03242829487747521
0.032437917043391565
0.0324475379209496
0.03245715750936752
0.03246677580786356
0.03247639281565579
0.03248600853196246
0.032495622956001696
0.03250523608699175
0.03251484792415073
0.03252445846669681
0.03253406771384825
0.03254367566482315
0.03255328231883968
0.032562887675116114
0.032572491732870544
0.032582094491321156
0.03259169594968615
0.03260129610718367
0.03261089496303194
0.0326204925164491
0.03263008876665335
0.032639683712862876
0.032649277354295875
0.03265886969017073
0.0326684607197055
0.03267805044211608
0.03268763885661796
0.032697225962426656
0.03270681175875763
0.032716396244826355
0.032725979419848304
0.032735561283039
0.032745141833613885
0.03275472107078842
0.03276429899377815
0.0327738756017985
0.032783450894064974
0.032793024869793054
0.032802597528195795
0.032812168868476724
0.03282173888983689
0.03283130759147736
0.03284087497259918
0.03285044103240353
0.03286000577009141
0.03286956918486395
0.03287913127592217
0.03288869204246718
0.03289825148370009
0.03290780959882195
0.0329173663870338
0.03292692184753677
0.032936475979531914
0.03294602878222033
0.03295558025480311
0.032965130396481246
0.032974679206455935
0.03298422668392819
0.03299377282809909
0.033003317638169744
0.03301286111334118
0.033022403252814525
0.03303194405579086
0.033041483521471224
0.03305102164905673
0.03306055843774842
0.03307009388674741
0.033079627995254796
0.03308916076247158
0.03309869218759889
0.03310822226983783
0.03311775100838946
0.03312727840245481
0.033136804451235014
0.0331463291539311
0.03315585250974424
0.033165374517875414
0.033174895177525754
0.03318441448789631
0.033193932448188204
0.03320344905760251
0.033212964315340224
0.033222478220602515
0.033231990772590425
0.03324150197050505
0.03325101181354745
0.03326052030091872
0.03327002743181991
0.033279533205452114
0.03328903762101645
0.033298540677713956
0.03330804237474571
0.03331754271131305
0.03332704168661834
0.03333653929986414
0.03334603555025304
0.033355530436988134
0.03336502395927231
0.0333745161163085
0.03338400690729979
0.03339349633144914
0.03340298438795955
0.03341247107603399
0.03342195639487547
0.03343144034368695
0.033440922921671445
0.03345040412803192
0.033459883961971436
0.03346936242269311
0.03347883950940118
0.03348831522130003
0.03349778955759409
0.033507262517487764
0.03351673410018544
0.033526204304891484
0.033535673130810406
0.033545140577146526
0.03355460664310429
0.033564071327888086
0.03357353463070235
0.03358299655075144
0.03359245708723983
0.03360191623937187
0.033611374006351974
0.03362083038738453
0.03363028538167403
0.03363973898842478
0.03364919120684124
0.033658642036127805
0.0336680914754889
0.03367753952412888
0.0336869861812522
0.03369643144606325
0.03370587531776646
0.03371531779556492
0.033724758878656634
0.033734198566239146
0.03374363685751319
0.033753073751680206
0.03376250924794124
0.03377194334549528
0.03378137604354088
0.03379080734127652
0.03380023723790075
0.03380966573261207
0.033819092824608994
0.033828518513090045
0.03383794279725377
0.03384736567629866
0.03385678714942323
0.03386620721582601
0.03387562587470551
0.033885043125260285
0.03389445896668881
0.033903873398189614
0.033913286418961235
0.03392269802820217
0.033932108225110946
0.033941517008886084
0.03395092437872629
0.03396033033383095
0.03396973487339972
0.03397913799663224
0.03398853970272801
0.03399793999088672
0.03400733886030796
0.03401673631019129
0.0340261323397364
0.034035526948142825
0.03404492013461023
0.034054311898338165
0.03406370223852627
0.03407309115437413
0.0340824786450814
0.03409186470984763
0.034101249347872474
0.03411063255835553
0.034120014340496364
0.03412939469349464
0.034138773616549906
0.03414815110886182
0.03415752716962998
0.03416690179805397
0.0341762749933334
0.0341856467546679
0.03419501708125709
0.034204385972300494
0.03421375342699782
0.03422311944454862
0.034232484024152535
0.03424184716500911
0.034251208866318
0.03426056912727881
0.03426992794709116
0.034279285324954646
0.034288641260068815
0.034297995751633364
0.03430734879884786
0.03431670040091191
0.03432605055702512
0.0343353992663871
0.03434474652819749
0.034354092341655845
0.0343634367059618
0.03437277962031492
0.03438212108391486
0.034391461095961244
0.034400799655653624
0.03441013676219166
0.03441947241477491
0.034428806612603
0.03443813935487553
0.03444747064079213
0.03445680046955239
0.034466128840355936
0.034475455752402365
0.03448478120489124
0.03449410519702226
0.03450342772799491
0.03451274879700891
0.03452206840326384
0.03453138654595929
0.034540703224294804
0.03455001843747012
0.03455933218468476
0.03456864446513834
0.03457795527803048
0.03458726462256083
0.03459657249792888
0.034605878903334344
0.03461518383797681
0.03462448730105582
0.03463378929177105
0.0346430898093221
0.034652388852908556
0.03466168642173002
0.034670982514986126
0.03468027713187648
0.034689570271600655
0.034698861933358284
0.034708152116348964
0.034717440819772315
0.03472672804282793
0.03473601378471544
0.034745298044634415
0.034754580821784495
0.034763862115365286
0.03477314192457636
0.03478242024861735
0.03479169708668784
0.0348009724379875
0.03481024630171587
0.03481951867707259
0.03482878956325725
0.034838058959469474
0.03484732686490886
0.034856593278775
0.03486585820026755
0.03487512162858609
0.03488438356293018
0.03489364400249948
0.034902902946493584
0.03491216039411214
0.03492141634455466
0.034930670797020856
0.03493992375071024
0.03494917520482252
0.03495842515855721
0.03496767361111398
0.03497692056169238
0.03498616600949208
0.034995409953712635
0.03500465239355367
0.03501389332821484
0.03502313275689569
0.035032370678795825
0.03504160709311487
0.035050841999052465
0.03506007539580813
0.03506930728258162
0.03507853765857239
0.03508776652298011
0.03509699387500442
0.03510621971384485
0.03511544403870107
0.035124666848772655
0.03513388814325923
0.03514310792136041
0.03515232618227577
0.03516154292520494
0.03517075814934752
0.035179971853903126
0.035189184038071385
0.035198394701051815
0.03520760384204414
0.035216811460247896
0.03522601755486269
0.03523522212508817
0.035244425170123904
0.03525362668916953
0.035262826681424636
0.03527202514608892
0.03528122208236242
0.03529041748944531
0.03529961136653771
0.03530880371283974
0.0353179945275516
0.035327183809873396
0.03533637155900526
0.03534555777414756
0.035354742454501584
0.035363925599268826
0.035373107207650745
0.03538228727884888
0.035391465812064725
0.035400642806499724
0.035409818261355426
0.035418992175833296
0.03542816454913485
0.0354373353804616
0.035446504669014944
0.0354556724139965
0.035464838614607704
0.03547400327005006
0.03548316637952518
0.03549232794223526
0.035501487957382546
0.03551064642416938
0.03551980334179808
0.035528958709470884
0.035538112526390116
0.035547264791757745
0.03555641550477423
0.03556556466463987
0.035574712270554816
0.03558385832171924
0.03559300281733336
0.03560214575659739
0.035611287138711555
0.03562042696287597
0.035629565228290826
0.03563870193415643
0.03564783707967288
0.03565697066404039
0.035666102686459124
0.035675233146129394
0.035684362042251304
0.035693489374025056
0.035702615140650845
0.0357117393413289
0.035720861975259394
0.03572998304164253
0.03573910253967845
0.03574822046856744
0.03575733682750963
0.035766451615705255
0.0357755648323545
0.03578467647665753
0.03579378654781459
0.03580289504502586
0.03581200196749148
0.03582110731441172
0.03583021108498675
0.03583931327841679
0.03584841389390196
0.03585751293064252
0.03586661038783868
0.035875706264684296
0.03588480056034806
0.03589389327399241
0.03590298440477971
0.03591207395187237
0.03592116191443283
0.03593024829162341
0.035939333082606564
0.03594841628654467
0.03595749790260012
0.035966577929935344
0.03597565636771275
0.03598473321509468
0.03599380847124357
0.0360028821353218
0.03601195420649181
0.036021024683915964
0.03603009356675665
0.03603916085417629
0.03604822654533729
0.03605729063940202
0.036066353135532914
0.03607541403289233
0.03608447333064268
0.036093531027946386
0.03610258712396583
0.036111641617863434
0.036120694508801544
0.036129745795942636
0.03613879547844902
0.036147843555483165
0.03615689002620742
0.03616593488978424
0.03617497814537597
0.03618401979214504
0.03619305982925385
0.03620209825586477
0.036211135071140245
0.03622017027424261
0.03622920386433433
0.036238235840577754
0.036247266202135336
0.036256294948169406
0.036265322077842416
0.036274347590316725
0.03628337148475478
0.036292393760318925
0.036301414416171615
0.03631043345147523
0.03631945086539214
0.03632846665708476
0.036337480825715515
0.03634649337044676
0.03635550429044092
0.03636451358486036
0.03637352125286757
0.03638252729362484
0.03639153170629461
0.036400534490039334
0.03640953564402136
0.03641853516740305
0.03642753305934689
0.03643652931901518
0.03644552394557041
0.036454516938175356
0.03646350829599464
0.03647249801819334
0.03648148610393649
0.036490472552389124
0.036499457362716314
0.036508440534083086
0.03651742206565449
0.036526401956595594
0.03653538020607139
0.03654435681324701
0.03655333177728746
0.03656230509735775
0.036571276772623
0.03658024680224821
0.03658921518539846
0.03659818192123875
0.036607147008934186
0.036616110447649806
0.03662507223655062
0.03663403237480167
0.0366429908615681
0.03665194769601484
0.03666090287730701
0.03666985640460963
0.03667880827708776
0.036687758493906465
0.03669670705423024
0.0367056539572215
0.03671459920204222
0.03672354278785431
0.03673248471381546
0.03674142497906676
0.03675036358274516
0.03675930052398746
0.03676823580193056
0.03677716941571139
0.03678610136446684
0.03679503164733377
0.036803960263449065
0.03681288721194964
0.0368218124919724
0.03683073610265418
0.036839658043131884
0.036848578312542436
0.03685749691002273
0.03686641383470959
0.036875329085739955
0.0368842426622507
0.0368931545633787
0.036902064788260885
0.03691097333603414
0.036919880205835295
0.0369287853968013
0.03693768890806905
0.03694659073877537
0.03695549088805721
0.03696438935505142
0.03697328613889494
0.0369821812387246
0.03699107465367732
0.03699996638288997
0.03700885642549947
0.03701774478064269
0.0370266314474565
0.037035516425077825
0.03704439971264354
0.037053281309290566
0.03706216121415574
0.03707103942637598
0.03707991594508815
0.037088790769429184
0.037097663898535894
0.037106535331545266
0.03711540506759413
0.03712427310581939
0.03713313944535791
0.03714200408534661
0.0371508670249224
0.037159728263222135
0.03716858779938268
0.03717744563254098
0.037186301761833886
0.037195156186398314
0.03720400890537113
0.037212859917889224
0.03722170922308953
0.037230556820108875
0.03723940270808415
0.0372482468861523
0.03725708935345017
0.03726593010911469
0.0372747691522827
0.037283606482091114
0.037292442097676806
0.037301275998176696
0.03731010818272763
0.037318938650466565
0.03732776740053032
0.0373365944320558
0.03734541974417992
0.03735424333603956
0.03736306520677158
0.037371885355512946
0.03738070378140044
0.03738952048357102
0.03739833546116158
0.037407148713308955
0.0374159602391501
0.037424770037821874
0.03743357810846116
0.03744238445020486
0.03745118906218986
0.037459991943553005
0.037468793093431284
0.03747759251096149
0.037486390195280536
0.037495186145525376
0.037503980360832835
0.03751277284033975
0.03752156358318317
0.03753035258849984
0.0375391398554267
0.03754792538310068
0.037556709170658564
0.037565491217237346
0.0375742715219739
0.03758305008400502
0.03759182690246772
0.03760060197649883
0.0376093753052352
0.03761814688781381
0.03762691672337147
0.03763568481104512
0.03764445114997164
0.037653215739287905
0.03766197857813078
0.03767073966563723
0.037679499000944076
0.0376882565831882
0.03769701241150656
0.037705766485036
0.0377145188029134
0.03772326936427569
0.03773201816825971
0.03774076521400238
0.03774951050064059
0.037758254027311214
0.03776699579315114
0.037775735797297275
0.03778447403888651
0.03779321051705571
0.037801945230941776
0.03781067817968159
0.03781940936241207
0.03782813877827007
0.03783686642639253
0.03784559230591627
0.0378543164159782
0.03786303875571524
0.0378717593242643
0.037880478120762166
0.03788919514434581
0.03789791039415214
0.037906623869317986
0.03791533556898024
0.03792404549227584
0.03793275363834166
0.03794146000631455
0.037950164595331404
0.03795886740452916
0.037967568433044684
0.037976267680014865
0.03798496514457656
0.03799366082586671
0.03800235472302218
0.03801104683517986
0.03801973716147663
0.03802842570104938
0.038037112453035024
0.038045797416570444
0.0380544805907925
0.03806316197483811
0.03807184156784418
0.03808051936894755
0.03808919537728513
0.03809786959199381
0.0381065420122105
0.03811521263707206
0.03812388146571538
0.038132548497277374
0.03814121373089491
0.0381498771657049
0.03815853880084419
0.03816719863544972
0.03817585666865835
0.03818451289960697
0.038193167327432484
0.038201819951271754
0.03821047077026173
0.03821911978353922
0.03822776699024116
0.03823641238950445
0.038245055980465924
0.03825369776226251
0.03826233773403112
0.03827097589490864
0.038279612244031896
0.03828824678053785
0.038296879503563315
0.038305510412245246
0.03831413950572053
0.03832276678312601
0.038331392243598626
0.03834001588627521
0.03834863771029273
0.03835725771478799
0.03836587589889798
0.038374492261759464
0.03838310680250944
0.03839171952028475
0.03840033041422229
0.03840893948345891
0.03841754672713158
0.0384261521443771
0.03843475573433243
0.03844335749613445
0.03845195742891998
0.03846055553182601
0.038469151803989375
0.03847774624454695
0.03848633885263566
0.03849492962739236
0.03850351856795399
0.0385121056734574
0.03852069094303946
0.038529274375837134
0.038537855970987224
0.038546435727626685
0.03855501364489235
0.03856358972192117
0.03857216395785
0.0385807363518158
0.03858930690295602
0.038597875610408165
0.03860644247330968
0.03861500749079811
0.038623570662010935
0.03863213198608566
0.0386406914621598
0.03864924908937082
0.03865780486685623
0.038666358793753575
0.038674910869200295
0.03868346109233393
0.03869200946229195
0.03870055597821188
0.03870910063923121
0.03871764344448743
0.03872618439311806
0.03873472348426059
0.0387432607170525
0.038751796090631334
0.038760329604134544
0.03876886125669966
0.03877739104746415
0.038785918975565596
0.038794445040141394
0.03880296924032911
0.03881149157526618
0.0388200120440902
0.03882853064593859
0.03883704737994886
0.03884556224525854
0.03885407524100512
0.038862586366326106
0.03887109562035855
0.03887960300223787
0.03888810851109908
0.03889661214607715
0.03890511390630705
0.03891361379092378
0.038922111799062346
0.03893060792985767
0.0389391021824448
0.03894759455595871
0.03895608504953439
0.03896457366230685
0.038973060393411
0.038981545241981906
0.03899002820715448
0.03899850928806379
0.03900698848384476
0.03901546579363241
0.03902394121656172
0.03903241475176768
0.039040886398385245
0.03904935615554945
0.03905782402239526
0.03906628999805767
0.039074754081671645
0.03908321627237218
0.03909167656929424
0.03910013497157288
0.03910859147834304
0.039117046088739685
0.03912549880189787
0.039133949616952504
0.03914239853303863
0.03915084554929122
0.039159290664845255
0.039167733878835716
0.039176175190397566
0.03918461459866586
0.039193052102775544
0.039201487701861604
0.03920992139505902
0.03921835318150281
0.039226783060327904
0.039235211030669355
0.0392436370916621
0.039252061242441176
0.03926048348214148
0.0392689038098981
0.03927732222484598
0.03928573872612012
0.03929415331285549
0.039302565984187056
0.039310976739249874
0.03931938557717884
0.03932779249710901
0.03933619749817532
0.03934460057951282
0.039353001740256445
0.03936140097954119
0.03936979829650209
0.03937819369027403
0.03938658715999211
0.03939497870479125
0.03940336832380644
0.03941175601617268
0.03942014178102499
0.03942852561749827
0.039436907524727595
0.03944528750184791
0.0394536655479942
0.039462041662301474
0.03947041584390468
0.03947878809193885
0.039487158405538944
0.03949552678383997
0.039503893225976895
0.03951225773108467
0.039520620298298344
0.039528980926752916
0.03953733961558329
0.039545696363924535
0.039554051170911604
0.03956240403567947
0.03957075495736313
0.03957910393509759
0.03958745096801781
0.03959579605525879
0.0396041391959555
0.039612480389242984
0.039620819634256135
0.039629156930130034
0.03963749227599959
0.03964582567099984
0.03965415711426576
0.03966248660493236
0.03967081414213454
0.039679139725007376
0.03968746335268583
0.039695785024304896
0.03970410473899951
0.039712422495904696
0.03972073829415546
0.039729052132886786
0.03973736401123362
0.03974567392833101
0.039753981883313874
0.03976228787531722
0.03977059190347608
0.03977889396692537
0.03978719406480014
0.039795492196235356
0.03980378836036598
0.03981208255632701
0.039820374783253475
0.03982866504028033
0.03983695332654251
0.039845239641175104
0.03985352398331302
0.0398618063520913
0.03987008674664486
0.03987836516610875
0.039886641609617926
0.039894916076307414
0.03990318856531214
0.039911459075767125
0.03991972760680734
0.03992799415756779
0.03993625872718346
0.03994452131478935
0.03995278191952042
0.03996104054051167
0.03996929717689807
0.03997755182781463
0.039985804492396325
0.039994055169778144
0.040002303859095055
0.04001055055948208
0.040018795270074195
0.04002703799000638
0.04003527871841361
0.040043517454430876
0.04005175419719319
0.04005998894583553
0.04006822169949287
0.040076452457300155
0.040084681218392475
0.040092907981904735
0.04010113274697195
0.040109355512729074
0.04011757627831117
0.04012579504285317
0.040134011805490054
0.04014222656535682
0.04015043932158846
0.040158650073319986
0.040166858819686305
0.040175065559822504
0.04018327029286352
0.04019147301794432
0.040199673734199914
0.04020787244076529
0.04021606913677543
0.04022426382136534
0.04023245649366999
0.04024064715282433
0.0402488357979634
0.040257022428222204
0.04026520704273565
0.0402733896406388
0.04028157022106661
0.04028974878315407
0.04029792532603611
0.040306099848847844
0.040314272350724115
0.04032244283080005
0.040330611288210534
0.0403387777220906
0.04034694213157519
0.04035510451579933
0.04036326487389802
0.040371423205006196
0.0403795795082589
0.040387733782791084
0.04039588602773773
0.04040403624223386
0.04041218442541442
0.040420330576414434
0.04042847469436888
0.04043661677841269
0.04044475682768093
0.040452894841308526
0.04046103081843052
0.04046916475818188
0.04047729665969755
0.040485426522112546
0.0404935543445619
0.04050168012618051
0.040509803866103415
0.04051792556346564
0.04052604521740211
0.040534162827047825
0.040542278391537775
0.04055039191000695
0.04055850338159033
0.04056661280542293
0.040574720180639665
0.04058282550637563
0.04059092878176573
0.040599030005944975
0.040607129178048325
0.04061522629721083
0.04062332136256741
0.04063141437325311
0.04063950532840287
0.04064759422715171
0.04065568106863461
0.0406637658519865
0.04067184857634246
0.04067992924083741
0.040688007844606376
0.04069608438678433
0.040704158866506246
0.04071223128290715
0.04072030163512195
0.04072836992228571
0.040736436143533374
0.04074450029799999
0.040752562384820466
0.040760622403129804
0.04076868035206303
0.04077673623075512
0.04078479003834105
0.040792841773955764
0.04080089143673434
0.0408089390258117
0.04081698454032286
0.040825027979402774
0.04083306934218648
0.04084110862780889
0.040849145835405075
0.04085718096410996
0.04086521401305855
0.04087324498138584
0.040881273868226826
0.04088930067271646
0.04089732539398979
0.04090534803118172
0.04091336858342726
0.04092138704986147
0.040929403429619246
0.04093741772183562
0.04094542992564556
0.040953440040184114
0.04096144806458617
0.04096945399798678
0.04097745783952089
0.040985459588323524
0.04099345924352965
0.0410014568042743
0.04100945226969233
0.0410174456389189
0.04102543691108888
0.04103342608533729
0.04104141316079913
0.041049398136609384
0.04105738101190299
0.041065361785815005
0.0410733404574804
0.041081317026034084
0.04108929149061119
0.04109726385034656
0.041105234104375256
0.04111320225183226
0.04112116829185253
0.04112913222357107
0.04113709404612289
0.041145053758642934
0.041153011360266244
0.04116096685012773
0.041168920227362446
0.041176871491105375
0.041184820640491435
0.041192767674655704
0.041200712592733106
0.041208655393858665
0.04121659607716733
0.041224534641794104
0.041232471086873994
0.04124040541154198
0.04124833761493301
0.04125626769618211
0.04126419565442425
0.04127212148879446
0.04128004519842765
0.041287966782458836
0.04129588624002306
0.04130380357025526
0.0413117187722904
0.04131963184526352
0.04132754278830955
0.041335451600563546
0.04134335828116045
0.04135126282923526
0.0413591652439229
0.041367065524358496
0.04137496366967689
0.04138285967901318
0.0413907535515023
0.041398645286279206
0.04140653488247894
0.04141442233923649
0.041422307655686774
0.04143019083096488
0.041438071864205714
0.041445950754544325
0.04145382750111562
0.041461702103054644
0.04146957455949636
0.041477444869575796
0.041485313032427897
0.04149317904718768
0.04150104291299009
0.04150890462897013
0.04151676419426279
0.0415246216080031
0.04153247686932598
0.04154032997736645
0.04154818093125949
0.04155602973014006
0.04156387637314321
0.041571720859403895
0.04157956318805709
0.04158740335823776
0.04159524136908097
0.04160307721972162
0.04161091090929477
0.04161874243693533
0.04162657180177833
0.04163439900295882
0.04164222403961167
0.041650046910871916
0.041657867615874554
0.04166568615375459
0.041673502523646946
0.041681316724686675
0.04168912875600873
0.04169693861674807
0.04170474630603977
0.041712551823018765
0.04172035516682
0.04172815633657855
0.041735955331429306
0.04174375215050731
0.04175154679294754
0.04175933925788503
0.0417671295444547
0.04177491765179151
0.04178270357903054
0.041790487325306706
0.04179826888975506
0.04180604827151052
0.04181382546970806
0.041821600483482796
0.04182937331196958
0.041837143954303456
0.041844912409619364
0.04185267867705235
0.041860442755737415
0.04186820464480944
0.04187596434340353
0.041883721850654615
0.04189147716569768
0.04189923028766771
0.04190698121569973
0.04191472994892868
0.0419224764864896
0.04193022082751742
0.04193796297114715
0.041945702916513776
0.04195344066275225
0.041961176208997635
0.04196890955438488
0.041976640698048955
0.04198436963912486
0.041992096376747584
0.04199982091005211
0.04200754323817343
0.042015263360246545
0.04202298127540639
0.04203069698278798
0.04203841048152636
0.042046121770756444
0.04205383084961319
0.042061537717231694
0.042069242372746875
0.042076944815293706
0.04208464504400719
0.04209234305802235
0.042100038856474155
0.042107732438497567
0.04211542380322756
0.042123112949799126
0.04213079987734729
0.04213848458500703
0.04214616707190808
0.04215384733715929
0.04216152537986423
0.042169201199126455
0.042176874794049614
0.04218454616373724
0.042192215307292946
0.04219988222382031
0.04220754691242296
0.04221520937220445
0.04222286960226832
0.04223052760171822
0.04223818336965774
0.04224583690519043
0.04225348820741991
0.04226113727544977
0.04226878410838355
0.04227642870532489
0.04228407106537735
0.0422917111876445
0.042299349071229994
0.042306984715237375
0.04231461811877021
0.04232224928093212
0.04232987820082669
0.0423375048775575
0.042345129310228075
0.04235275149794212
0.04236037143980314
0.04236798913491481
0.04237560458238055
0.04238321778130417
0.04239082873078904
0.0423984374299389
0.04240604387785726
0.04241364807364776
0.04242125001641395
0.042428849705259446
0.0424364471392878
0.042444042317602605
0.04245163523930747
0.042459225903505975
0.04246681430930171
0.04247440045579827
0.04248198434209919
0.04248956596730813
0.04249714533052861
0.042504722430864283
0.042512297267418724
0.042519869839295475
0.04252744014559813
0.04253500818543036
0.04254257395789563
0.04255013746209762
0.04255769869713985
0.042565257662126
0.04257281435615954
0.04258036877834416
0.04258792092778338
0.0425954708035808
0.042603018404840036
0.04261056373066465
0.04261810678015825
0.04262564755242441
0.04263318604656672
0.042640722261688774
0.04264825619689414
0.042655787851286375
0.042663317223969176
0.04267084431404604
0.04267836912062057
0.042685891642796375
0.042693411879677026
0.042700929830366094
0.042708445493967205
0.0427159588695839
0.04272346995631982
0.04273097875327851
0.04273848525956355
0.042745989474278615
0.04275349139652722
0.04276099102541292
0.04276848836003934
0.04277598339951009
0.042783476142928746
0.04279096658939887
0.04279845473802406
0.04280594058790791
0.04281342413815406
0.04282090538786599
0.04282838433614737
0.04283586098210173
0.042843335324832706
0.042850807363443856
0.0428582770970388
0.042865744524721076
0.04287320964559431
0.04288067245876211
0.042888132963327996
0.042895591158395564
0.04290304704306847
0.042910500616450235
0.04291795187764454
0.04292540082575479
0.04293284745988476
0.042940291779137996
0.042947733782617986
0.042955173469428426
0.04296261083867284
0.04297004588945484
0.04297747862087801
0.04298490903204593
0.042992337122062206
0.042999762890030414
0.04300718633505416
0.043014607456236996
0.043022026252682526
0.04302944272349435
0.043036856867776044
0.04304426868463119
0.043051678173163355
0.04305908533247619
0.04306649016167327
0.04307389265985809
0.043081292826134356
0.04308869065960559
0.043096086159375366
0.04310347932454735
0.04311087015422505
0.043118258647512106
0.04312564480351205
0.04313302862132848
0.043140410100065106
0.0431477892388253
0.04315516603671281
0.04316254049283116
0.043169912606284
0.04317728237617482
0.04318464980160728
0.043192014881684976
0.043199377615511396
0.04320673800219026
0.04321409604082508
0.043221451730519424
0.043228805070376956
0.04323615605950121
0.04324350469699576
0.04325085098196425
0.04325819491351021
0.04326553649073725
0.043272875712748966
0.043280212578648954
0.04328754708754077
0.04329487923852799
0.043302209030714266
0.04330953646320308
0.043316861535097874
0.043324184245501905
0.04333150459351859
0.04333882257825121
0.04334613819880309
0.043353451454277665
0.04336076234377817
0.04336807086640797
0.043375377021270436
0.04338268080746887
0.043389982224106616
0.04339728127028702
0.043404577945113425
0.04341187224768915
0.04341916417711751
0.04342645373250191
0.04343374091294567
0.04344102571755204
0.04344830814542447
0.043455588195666216
0.04346286586738069
0.043470141159671176
0.04347741407164105
0.043484684602393596
0.043491952751032154
0.043499218516660124
0.04350648189838082
0.04351374289529752
0.04352100150651362
0.04352825773113245
0.04353551156825736
0.043542763016991635
0.043550012076438646
0.04355725874570177
0.04356450302388425
0.04357174491008954
0.043578984403420874
0.04358622150298166
0.043593456207875185
0.04360068851720482
0.04360791843007385
0.043615145945585694
0.04362237106284361
0.043629593780951006
0.0436368140990112
0.04364403201612744
0.04365124753140318
0.04365846064394174
0.04366567135284639
0.043672879657220526
0.043680085556167494
0.0436872890487906
0.043694490134193166
0.043701688811478547
0.04370888507975009
0.04371607893811116
0.043723270385665036
0.04373045942151503
0.0437376460447646
0.04374483025451698
0.04375201204987551
0.0437591914299436
0.04376636839382455
0.043773542940621656
0.04378071506943832
0.04378788477937784
0.04379505206954355
0.043802216939038845
0.04380937938696697
0.04381653941243135
0.04382369701453526
0.04383085219238203
0.043838004945075094
0.04384515527171767
0.043852303171413136
0.04385944864326488
0.04386659168637616
0.04387373229985038
0.043880870482790844
0.04388800623430093
0.04389513955348391
0.04390227043944315
0.04390939889128199
0.04391652490810376
0.043923648489011834
0.04393076963310946
0.04393788833950008
0.04394500460728701
0.04395211843557353
0.04395922982346299
0.0439663387700588
0.04397344527446422
0.043980549335782604
0.04398765095311728
0.0439947501255716
0.044001846852248984
0.04400894113225262
0.0440160329646859
0.04402312234865222
0.04403020928325485
0.04403729376759717
0.044044375800782506
0.04405145538191413
0.04405853251009549
0.04406560718442986
0.044072679404020584
0.04407974916797097
0.044086816475384434
0.044093881325364244
0.04410094371701376
0.04410800364943634
0.04411506112173527
0.04412211613301396
0.04412916868237562
0.04413621876892373
0.0441432663917616
0.04415031154999251
0.044157354242719805
0.04416439446904686
0.04417143222807699
0.044178467518913495
0.04418550034065983
0.044192530692419234
0.04419955857329502
0.0442065839823906
0.044213606918809316
0.044220627381654415
0.04422764537002931
0.044234660883037326
0.044241673919781815
0.04424868447936606
0.04425569256089343
0.044262698163467264
0.04426970128619092
0.04427670192816772
0.04428370008850094
0.044290695766294005
0.044297688960650235
0.04430467967067292
0.04431166789546547
0.044318653634131164
0.04432563688577333
0.04433261764949535
0.04433959592440056
0.044346571709592254
0.04435354500417383
0.044360515807248584
0.04436748411791983
0.04437444993529095
0.044381413258465285
0.04438837408654613
0.044395332418636836
0.044402288253840794
0.04440924159126127
0.04441619243000163
0.04442314076916522
0.044430086607855364
0.04443702994517538
0.044443970780228666
0.04445090911211851
0.04445784493994824
0.04446477826282119
0.04447170907984078
0.0444786373901103
0.044485563192733044
0.04449248648681238
0.044499407271451664
0.0445063255457542
0.044513241308823295
0.04452015455976244
0.04452706529767476
0.04453397352166375
0.0445408792308327
0.044547782424284886
0.044554683101123774
0.04456158126045258
0.04456847690137472
0.04457537002299349
0.04458226062441223
0.044589148704734245
0.044596034263062995
0.04460291729850169
0.0446097978101537
0.04461667579712238
0.04462355125851109
0.04463042419342313
0.04463729460096178
0.04464416248023078
0.04465102783033464
0.04465789065037819
0.04466475093946632
0.04467160869670386
0.04467846392119566
0.04468531661204661
0.04469216676836151
0.044699014389245256
0.044705859473802664
0.04471270202113862
0.044719542030357946
0.044726379500565516
0.04473321443086614
0.04474004682036471
0.0447468766681661
0.044753703973375115
0.0447605287350966
0.04476735095243547
0.04477417062449648
0.04478098775038456
0.044787802329204554
0.0447946143600613
0.04480142384205958
0.04480823077430438
0.04481503515590046
0.04482183698595269
0.04482863626356599
0.04483543298784507
0.04484222715789488
0.04484901877282031
0.044855807831726116
0.04486259433371717
0.04486937827789835
0.04487615966337452
0.04488293848925046
0.04488971475463112
0.0448964884586213
0.04490325960032582
0.0449100281788496
0.044916794193297464
0.04492355764277425
0.044930318526384794
0.04493707684323398
0.04494383259242666
0.0449505857730677
0.044957336384261914
0.04496408442511414
0.04497082989472929
0.044977572792212185
0.04498431311666766
0.044991050867200615
0.04499778604291585
0.04500451864291821
0.04501124866631258
0.0450179761122038
0.04502470097969678
0.045031423267896255
0.045038142975907185
0.04504486010283436
0.04505157464778261
0.04505828660985685
0.045064995988161945
0.045071702781802656
0.04507840698988389
0.04508510861151049
0.04509180764578733
0.04509850409181926
0.04510519794871106
0.045111889215567705
0.04511857789149395
0.04512526397559461
0.04513194746697469
0.04513862836473889
0.0451453066679922
0.04515198237583933
0.04515865548738522
0.04516532600173472
0.04517199391799263
0.04517865923526383
0.04518532195265322
0.04519198206926559
0.045198639584205745
0.04520529449657868
0.045211946805489116
0.045218596510042015
0.04522524360934212
0.04523188810249437
0.045238529988603504
0.0452451692667745
0.04525180593610713
0.045258439995681146
0.04526507144457121
0.04527170028185211
0.04527832650659853
0.04528495011788512
0.0452915711147867
0.04529818949637793
0.045304805261733486
0.04531141840992817
0.045318028940036593
0.0453246368511335
0.04533124214229365
0.045337844812591725
0.04534444486110246
0.04535104228690049
0.0453576370890606
0.04536422926665753
0.04537081881876588
0.04537740574446048
0.045383990042815965
0.0453905717129071
0.04539715075380859
0.04540372716459508
0.04541030094434135
0.04541687209212216
0.04542344060701207
0.04543000648808596
0.04543656973441838
0.045443130345084216
0.045449688319158014
0.045456243655714594
0.045462796353828654
0.045469346412574885
0.045475893831028
0.045482438608262704
0.04548898074335372
0.04549552023537578
0.04550205708340357
0.04550859128651183
0.04551512284377527
0.04552165175426853
0.04552817801706645
0.04553470163124392
0.045541222595877014
0.045547740910042114
0.045554256572815616
0.04556076958327378
0.04556727994049303
0.045573787643549676
0.045580292691520106
0.04558679508348062
0.0455932948185076
0.04559979189567741
0.045606286314066345
0.04561277807275083
0.04561926717080713
0.0456257536073117
0.0456322373813408
0.04563871849197085
0.04564519693827815
0.04565167271933905
0.04565814583422996
0.04566461628202708
0.045671084061807
0.04567754917264586
0.045684011613620124
0.04569047138380615
0.04569692848228022
0.04570338290811867
0.045709834660397936
0.04571628373819431
0.045722730140584165
0.045729173866643845
0.04573561491544977
0.04574205328607814
0.04574848897760542
0.04575492198910793
0.04576135231966202
0.04576777996834407
0.045774204934230324
0.045780627216397266
0.04578704681392118
0.04579346372587845
0.0457998779513454
0.04580628948939841
0.04581269833911375
0.04581910449956786
0.045825507969837066
0.045831908748997716
0.04583830683612614
0.04584470223029872
0.0458510949305918
0.04585748493608167
0.04586387224584479
0.04587025685895744
0.045876638774496
0.04588301799153677
0.04588939450915614
0.045895768326430504
0.045902139442436145
0.045908507856249434
0.04591487356694674
0.04592123657360436
0.04592759687529871
0.04593395447110609
0.04594030936010289
0.04594666154136545
0.04595301101397011
0.04595935777699323
0.045965701829511124
0.04597204317060023
0.04597838179933682
0.04598471771479728
0.045991050916057985
0.04599738140219515
0.04600370917228528
0.046010034225404686
0.04601635656062971
0.04602267617703668
0.046028993073701986
0.04603530724970198
0.04604161870411289
0.046047927436011264
0.04605423344447334
0.04606053672857543
0.04606683728739402
0.0460731351200053
0.04607943022548573
0.04608572260291168
0.04609201225135942
0.046098299169905356
0.04610458335762575
0.04611086481359708
0.04611714353689559
0.046123419526597764
0.046129692781779794
0.04613596330151814
0.04614223108488906
0.04614849613096898
0.04615475843883429
0.04616101800756122
0.046167274836226194
0.04617352892390557
0.04617978026967568
0.046186028872612875
0.04619227473179347
0.04619851784629391
0.04620475821519043
0.046210995837559485
0.04621723071247735
0.046223462839020416
0.04622969221626503
0.046235918843287524
0.046242142719164284
0.04624836384297162
0.046254582213785866
0.04626079783068345
0.046267010692740675
0.0462732207990339
0.04627942814863949
0.04628563274063373
0.04629183457409301
0.04629803364809376
0.04630422996171221
0.04631042351402477
0.04631661430410783
0.04632280233103766
0.04632898759389058
0.04633517009174309
0.0463413498236714
0.04634752678875194
0.046353700986061036
0.046359872414675055
0.04636604107367031
0.046372206962123186
0.046378370079110054
0.04638453042370717
0.046390687994990985
0.046396842792037804
0.04640299481392397
0.0464091440597259
0.04641529052851983
0.046421434219382204
0.046427575131389336
0.04643371326361766
0.04643984861514337
0.04644598118504294
0.046452110972392636
0.046458237976268905
0.04646436219574802
0.046470483629906356
0.046476602277820266
0.04648271813856609
0.04648883121122019
0.04649494149485894
0.046501048988558634
0.046507153691395665
0.046513255602446395
0.04651935472078714
0.04652545104549425
0.04653154457564413
0.04653763531031306
0.04654372324857743
0.04654980838951361
0.046555890732197895
0.046561970275706674
0.046568047019116265
0.04657412096150304
0.04658019210194338
0.046586260439513597
0.046592325973290064
0.046598388702349086
0.04660444862576707
0.04661050574262038
0.04661656005198526
0.04662261155293819
0.04662866024455545
0.046634706125913396
0.04664074919608838
0.04664678945415678
0.046652826899194894
0.04665886153027914
0.04666489334648586
0.04667092234689131
0.04667694853057191
0.04668297189660404
0.04668899244406407
0.04669501017202826
0.04670102507957296
0.04670703716577465
0.0467130464297095
0.046719052870454005
0.0467250564870845
0.04673105727867721
0.04673705524430865
0.04674305038305508
0.04674904269399288
0.04675503217619836
0.04676101882874793
0.046767002650717905
0.04677298364118463
0.04677896179922449
0.046784937123913815
0.046790909614328934
0.04679687926954623
0.046802846088642075
0.0468088100706927
0.046814771214774634
0.04682072951996408
0.046826684985337465
0.046832637609971126
0.04683858739294143
0.04684453433332469
0.046850478430197226
0.04685641968263548
0.046862358089715755
0.0468682936505144
0.0468742263641078
0.046880156229572256
0.04688608324598413
0.04689200741241976
0.04689792872795555
0.04690384719166784
0.046909762802632954
0.04691567555992723
0.04692158546262703
0.04692749250980874
0.046933396700548684
0.04693929803392319
0.04694519650900734
0.04695109212487103
0.0469569848805828
0.04696287477521125
0.046968761807825
0.04697464597749259
0.046980527283282586
0.04698640572426361
0.046992281299504245
0.04699815400807307
0.04700402384903865
0.04700989082146958
0.04701575492443442
0.047021616157001775
0.04702747451824026
0.04703333000721838
0.0470391826230048
0.04704503236466802
0.04705087923127672
0.04705672322189941
0.04706256433560465
0.047068402571461096
0.04707423792853733
0.047080070405901855
0.047085900002623346
0.047091726717770316
0.04709755055041142
0.047103371499615146
0.04710918956445015
0.047115004743984966
0.047120817037288244
0.0471266264434285
0.04713243296147436
0.047138236590494355
0.04714403732955711
0.04714983517773123
0.04715563013408523
0.04716142219768777
0.04716721136760738
0.04717299764291266
0.04717878102267219
0.04718456150595451
0.04719033909182827
0.04719611377936205
0.047201885567624446
0.047207654455683944
0.04721342044260918
0.04721918352746877
0.04722494370933123
0.04723070098726524
0.04723645536033933
0.047242206827622035
0.047247955388182036
0.04725370104108784
0.047259443785408015
0.04726518362021124
0.04727092054456601
0.04727665455754095
0.047282385658204626
0.04728811384562561
0.047293839118872485
0.047299561477013904
0.04730528091911836
0.0473109974442545
0.04731671105149084
0.047322421739896
0.047328129508538555
0.04733383435648717
0.04733953628281027
0.047345235286576526
0.047350931366854594
0.04735662452271293
0.04736231475321946
0.04736800205743931
0.04737368643443687
0.04737936788327652
0.047385046403022706
0.04739072199273981
0.04739639465149225
0.04740206437834436
0.047407731172360336
0.04741339503260436
0.04741905595814056
0.04742471394803312
0.04743036900134614
0.04743602111714379
0.04744167029449021
0.04744731653244957
0.047452959830085975
0.04745860018646359
0.047464237600646664
0.0474698720716992
0.04747550359868542
0.047481132180669496
0.04748675781671548
0.047492380505885806
0.04749800024723541
0.04750361703981747
0.04750923088268519
0.0475148417748917
0.047520449715490194
0.04752605470353384
0.04753165673807581
0.047537255818169255
0.047542851942867344
0.04754844511122326
0.047554035322290224
0.04755962257512134
0.04756520686876978
0.04757078820228876
0.047576366574731396
0.04758194198515086
0.04758751443260043
0.04759308391613317
0.04759865043480219
0.047604213987660876
0.04760977457376219
0.047615332192159396
0.047620886841905664
0.04762643852205414
0.047631987231658
0.04763753296977049
0.047643075735444615
0.04764861552773369
0.04765415234569085
0.04765968618836923
0.04766521705482204
0.047670744944102374
0.04767626985526355
0.04768179178735863
0.04768731073944079
0.04769282671056323
0.04769833969977912
0.04770384970614161
0.04770935672870387
0.04771486076651907
0.047720361818640436
0.047725859884121064
0.04773135496201417
0.047736847051373855
0.04774233615125821
0.04774782226072605
0.04775330537883656
0.04775878550464857
0.04776426263722118
0.04776973677561327
0.047775207918883865
0.04778067606609191
0.04778614121629643
0.04779160336855636
0.04779706252193074
0.047802518675478474
0.0478079718282586
0.047813421979330105
0.04781886912775192
0.047824313272583054
0.04782975441288251
0.04783519254770921
0.04784062767612219
0.047846059797180374
0.04785148890994277
0.047856915013466714
0.04786233810680272
0.047867758188999576
0.047873175259106324
0.047878589316171616
0.04788400035924447
0.04788940838737371
0.04789481339960822
0.04790021539499691
0.04790561437258866
0.0479110103314323
0.04791640327057677
0.04792179318907087
0.04792718008596352
0.04793256396030362
0.047937944811140054
0.04794332263752161
0.04794869743849731
0.04795406921311599
0.0479594379604264
0.04796480367947761
0.047970166369318355
0.04797552602899761
0.04798088265756417
0.047986236254066984
0.04799158681755487
0.04799693434707677
0.04800227884168154
0.04800762030041806
0.04801295872233517
0.04801829410648185
0.04802362645190681
0.0480289557576591
0.048034282022787526
0.048039605246340954
0.048044925427368254
0.04805024256491843
0.04805555665804018
0.04806086770578251
0.04806617570719423
0.048071480661324266
0.048076782567221456
0.048082081423934706
0.04808737723051289
0.048092669986004914
0.048097959689459575
0.048103246339925854
0.04810852993645258
0.04811381047808861
0.04811908796388285
0.0481243623928842
0.04812963376414152
0.048134902076703685
0.04814016732961954
0.04814542952193808
0.04815068865270802
0.04815594472097838
0.04816119772579794
0.04816644766621567
0.04817169454128038
0.04817693835004096
0.04818217909154632
0.048187416764845344
0.04819265136898684
0.04819788290301976
0.04820311136599293
0.048208336756955274
0.04821355907495564
0.04821877831904294
0.04822399448826603
0.048229207581673796
0.04823441759831516
0.048239624537238936
0.04824482839749396
0.04825002917812925
0.048255226878193565
0.048260421496735866
0.048265613032804994
0.048270801485449794
0.048275986853719206
0.04828116913666209
0.048286348333327296
0.0482915244427638
0.048296697464020315
0.04830186739614584
0.04830703423818926
0.04831219798919938
0.04831735864822518
0.04832251621431545
0.04832767068651909
0.04833282206388502
0.04833797034546212
0.04834311553029916
0.0483482576174451
0.048353396605948895
0.048358532494859274
0.04836366528322521
0.04836879497009557
0.04837392155451925
0.04837904503554505
0.04838416541222198
0.04838928268359873
0.04839439684872438
0.0483995079066477
0.0484046158564176
0.04840972069708292
0.04841482242769261
0.0484199210472958
0.04842501655494307
0.04843010894968526
0.04843519823057325
0.048440284396657846
0.048445367446989906
0.048450447380620335
0.04845552419659993
0.048460597893979614
0.048465668471809026
0.04847073592913304
0.04847580026499533
0.0484808614784397
0.04848591956850976
0.04849097453424924
0.04849602637470187
0.04850107508891138
0.04850612067592141
0.04851116313477565
0.04851620246451792
0.0485212386641918
0.04852627173284104
0.04853130166950938
0.048536328473240506
0.04854135214307806
0.048546372678065865
0.0485513900772475
0.04855640433966673
0.04856141546436728
0.04856642345039286
0.048571428296787116
0.04857643000259376
0.04858142856685658
0.048586423988619225
0.04859141626692534
0.04859640540081876
0.04860139138934305
0.04860637423154201
0.048611353926459315
0.048616330473138666
0.04862130387062376
0.048626274117958376
0.04863124121418606
0.04863620515835068
0.048641165949495864
0.048646123586665306
0.04865107806890281
0.048656029395251967
0.048660977564756486
0.048665922576460116
0.04867086442940654
0.04867580312263945
0.04868073865520266
0.048685671026139715
0.04869060023449442
0.048695526279310446
0.04870044915963154
0.048705368874501324
0.04871028542296355
0.04871519880406191
0.048720109016840187
0.04872501606034194
0.048729919933611046
0.04873482063569109
0.048739718165625764
0.04874461252245885
0.04874950370523397
0.04875439171299488
0.04875927654478536
0.048764158199648994
0.04876903667662947
0.04877391197477063
0.04877878409311608
0.048783653030709515
0.04878851878659471
0.04879338135981525
0.048798240749414995
0.04880309695443752
0.04880794997392661
0.04881279980692596
0.048817646452479255
0.04882248990963015
0.04882733017742247
0.04883216725489981
0.04883700114110592
0.04884183183508454
0.04884665933587931
0.048851483642533916
0.04885630475409215
0.048861122669597704
0.04886593738809421
0.048870748908625444
0.048875557230235074
0.04888036235196682
0.048885164272864386
0.04888996299198344
0.04889475850842806
0.04889955082131414
0.04890433992975772
0.04890912583287469
0.0489139085297811
0.04891868801959287
0.048923464301426016
0.04892823737439649
0.04893300723762033
0.04893777389021351
0.04894253733129193
0.04894729755997162
0.04895205457536853
0.04895680837659871
0.04896155896277808
0.04896630633302264
0.048971050486448335
0.04897579142217114
0.04898052913930712
0.04898526363697217
0.0489899949142823
0.048994722970353455
0.04899944780430168
0.04900416941524293
0.04900888780229311
0.04901360296456835
0.049018314901182886
0.04902302361124494
0.04902772909386108
0.04903243134813776
0.04903713037318165
0.049041826168099226
0.04904651873199702
0.049051208063981666
0.04905589416315971
0.04906057702863762
0.049065256659521966
0.04906993305491939
0.04907460621393627
0.04907927613567937
0.04908394281925507
0.04908860626377004
0.04909326646833075
0.04909792343204379
0.04910257715401566
0.049107227633353005
0.04911187486916232
0.049116518860550164
0.04912115960662307
0.0491257971064876
0.049130431359250326
0.049135062364017774
0.049139690119896495
0.04914431462599305
0.04914893588141402
0.04915355388526589
0.0491581686366553
0.04916278013468872
0.04916738837847271
0.04917199336711396
0.04917659509971951
0.04918119357539653
0.04918578879325215
0.0491903807523935
0.049194969451927806
0.04919955489096222
0.04920413706860378
0.04920871598395982
0.04921329163613735
0.049217864024258345
0.04922243314750342
0.04922699900506808
0.04923156159614775
0.04923612091993777
0.04924067697563361
0.04924522976243073
0.04924977927952455
0.049254325526110455
0.0492588685013839
0.04926340820454029
0.04926794463477503
0.04927247779128367
0.04927700767326144
0.04928153427990239
0.049286057610394306
0.049290577663923425
0.049295094439676175
0.04929960793683875
0.04930411815459754
0.049308625092138805
0.04931312874864876
0.04931762912331384
0.049322126215320054
0.04932662002385247
0.04933111054809584
0.04933559778723513
0.04934008174045499
0.04934456240694038
0.04934903978587602
0.049353513876446785
0.04935798467783499
0.04936245218921341
0.04936691640975224
0.04937137733862184
0.049375834974992455
0.04938028931803431
0.04938474036691767
0.04938918812081289
0.049393632578890165
0.04939807374031972
0.04940251160427198
0.0494069461699171
0.04941137743642535
0.04941580540296707
0.049420230068712476
0.04942465143283177
0.04942906949449537
0.049433484252873486
0.04943789570713635
0.04944230385645425
0.04944670869999749
0.04945111023693631
0.04945550846644101
0.049459903387681824
0.049464294999829
0.049468683302052854
0.049473068293523687
0.04947744997341164
0.04948182834088715
0.04948620339512038
0.049490575135281635
0.049494943560541155
0.04949930867006926
0.0495036704630362
0.0495080289386122
0.04951238409596756
0.04951673593427259
0.04952108445269754
0.049525429650412636
0.049529771526588176
0.04953411008039444
0.04953844531100173
0.0495427772175802
0.04954710579930028
0.04955143105533209
0.04955575298484603
0.04956007158701227
0.04956438686100109
0.049568698805982844
0.04957300742112773
0.04957731270560604
0.049581614658588
0.049585913279243964
0.04959020856674411
0.04959450052025881
0.04959878913895823
0.04960307442201272
0.049607356368592516
0.04961163497786788
0.04961591024900907
0.04962018218118642
0.04962445077357016
0.04962871602533054
0.04963297793563785
0.04963723650366237
0.04964149172857435
0.049645743609544095
0.049649992145741784
0.049654237336337816
0.049658479180502375
0.04966271767740573
0.0496669528262182
0.04967118462611002
0.04967541307625152
0.04967963817581286
0.04968385992396438
0.04968807831987635
0.04969229336271904
0.0496965050516627
0.049700713385877594
0.04970491836453406
0.04970911998680227
0.04971331825185254
0.04971751315885517
0.04972170470698039
0.04972589289539849
0.04973007772328878
0.049734259189867035
0.04973843729435798
0.04974261203598643
0.0497467834139771
0.04975095142755489
0.04975511607594448
0.0497592773583707
0.04976343527405831
0.04976758982223213
0.04977174100213174
0.049775888813056085
0.04978003325431897
0.04978417432523413
0.049788312025115355
0.04979244635327631
0.049796577309030136
0.049800704891690015
0.049804829100568875
0.0498089499349799
0.049813067394236105
0.04981718147766414
0.04982129218464476
0.049825399514572155
0.04982950346684066
0.04983360404084463
0.04983770123597822
0.04984179505163577
0.04984588548721158
0.049849972542099885
0.04985405621569496
0.04985813650739112
0.04986221341658263
0.04986628694266378
0.04987035708502882
0.04987442384307207
0.049878487216187775
0.049882547203770215
0.04988660380521368
0.049890657019912465
0.04989470684726081
0.04989875328665309
0.04990279633748344
0.04990683599914618
0.04991087227103576
0.04991490515254617
0.04991893464307193
0.049922960742006604
0.04992698344874156
0.049931002762667535
0.04993501868317524
0.049939031209655475
0.04994304034149886
0.04994704607809628
0.04995104841883834
0.049955047363115866
0.04995904291031951
0.04996303505984007
0.04996702381106827
0.04997100916339488
0.049974991116210524
0.049978969668906074
0.04998294482087218
0.0499869165714996
0.049990884920179106
0.04999484986630137
0.049998811409257174
0.05000276954843727
0.050006724283238345
0.050010675613081326
0.050014623537393124
0.050018568055600614
0.05002250916713077
0.05002644687141035
0.05003038116786635
0.0500343120559257
0.050038239535015266
0.05004216360456189
0.05004608426399257
0.05005000151273412
0.0500539153502135
0.050057825775857656
0.0500617327890934
0.05006563638934763
0.0500695365760473
0.05007343334861935
0.05007732670649158
0.050081216649096115
0.05008510317586605
0.05008898628623451
0.05009286597963451
0.050096742255499045
0.05010061511326137
0.050104484552354465
0.05010835057221139
0.05011221317226532
0.05011607235194928
0.0501199281106963
0.05012378044793955
0.05012762936311209
0.050131474855646965
0.05013531692497725
0.05013915557053605
0.0501429907917565
0.05014682258807157
0.05015065095891441
0.05015447590371808
0.05015829742191562
0.050162115512940225
0.050165930176224886
0.0501697414112027
0.050173549217306754
0.05017735359397013
0.05018115454062588
0.05018495205670713
0.05018874614164695
0.05019253679487838
0.05019632401583457
0.05020010780394855
0.05020388815865338
0.0502076650793827
0.050211438565572
0.050215208616657396
0.05021897523207499
0.05022273841126075
0.050226498153650816
0.050230254458681185
0.050234007325788005
0.05023775675440724
0.05024150274397497
0.05024524529392731
0.0502489844037003
0.05025272007273
0.050256452300452475
0.05026018108630375
0.05026390642971996
0.050267628330137086
0.05027134678699128
0.05027506179971849
0.05027877336775491
0.0502824814905365
0.05028618616749936
0.050289887398079616
0.0502935851817131
0.05029727951783621
0.05030097040588472
0.05030465784529486
0.050308341835502667
0.050312022375944114
0.050315699466055366
0.050319373105279064
0.05032304329308195
0.05032671002892657
0.0503303733122729
0.05033403314257908
0.05033768951929601
0.0503413424418727
0.05034499190975833
0.0503486379224019
0.05035228047925259
0.05035591957975844
0.05035955522336398
0.05036318740951279
0.050366816137648394
0.05037044140721432
0.050374063217654225
0.050377681568411506
0.05038129645892984
0.05038490788865267
0.050388515857023725
0.05039212036348636
0.05039572140748421
0.05039931898846141
0.050402913105863985
0.05040650375913844
0.05041009094773157
0.050413674671089884
0.05041725492865992
0.05042083171988837
0.05042440504422181
0.050427974901106815
0.05043154128999002
0.050435104210317994
0.05043866366153739
0.05044221964309475
0.050445772154436734
0.05044932119500991
0.0504528667642609
0.05045640886163624
0.05045994748658261
0.050463482638546546
0.05046701431697472
0.05047054252131343
0.05047406725100928
0.05047758850550866
0.050481106284258066
0.05048462058670403
0.0504881314122931
0.0504916387604717
0.0504951426306864
0.05049864302238368
0.05050213993501003
0.05050563336801168
0.05050912332083356
0.05051260979292025
0.05051609278371639
0.05051957229266659
0.05052304831921555
0.05052652086280775
0.05052998992288793
0.050533455498900655
0.050536917590290595
0.05054037619651356
0.05054383131707034
0.050547282951473
0.050550731099233574
0.050554175759864116
0.0505576169328766
0.05056105461778341
0.0505644888140979
0.0505679195213337
0.0505713467390044
0.0505747704666237
0.05057819070370522
0.05058160744976263
0.05058502070430951
0.050588430466859534
0.05059183673692636
0.050595239514023595
0.0505986387976649
0.05060203458736389
0.050605426882634225
0.05060881568298959
0.05061220098794349
0.05061558279700965
0.05061896110970175
0.050622335925533314
0.05062570724401814
0.05062907506466975
0.05063243938700641
0.050635800210564554
0.05063915753488526
0.050642511359509555
0.050645861683978485
0.05064920850783307
0.050652551830614435
0.05065589165186357
0.05065922797112157
0.05066256078792943
0.05066589010182823
0.050669215912359
0.0506725382190628
0.05067585702148034
0.05067917231915105
0.05068248411161399
0.05068579239840828
0.05068909717907297
0.050692398453147235
0.050695696220170096
0.05069899047968056
0.05070228123121775
0.0507055684743207
0.050708852208528485
0.050712132433380123
0.05071540914841463
0.050718682353170716
0.050721952047185416
0.050725218229991445
0.05072848090110587
0.050731740060041886
0.05073499570631283
0.05073824783943174
0.05074149645891187
0.05074474156426642
0.05074798315500865
0.050751221230651684
0.05075445579070876
0.05075768683469307
0.050760914362117694
0.05076413837249541
0.05076735886533882
0.050770575840160544
0.050773789296473144
0.050776999233788464
0.050780205651614826
0.05078340854945954
0.05078660792683014
0.05078980378323398
0.05079299611818557
0.050796184931227055
0.05079937022190777
0.05080255198977697
0.050805730234383624
0.05080890495527608
0.050812076152002304
0.05081524382411041
0.0508184079711485
0.05082156859266469
0.050824725688207555
0.05082787925732584
0.050831029299568294
0.050834175814483656
0.0508373188016206
0.05084045826052786
0.05084359419075423
0.050846726591853936
0.05084985546340432
0.050852980804988054
0.05085610261618797
0.05085922089658681
0.05086233564576747
0.05086544686331267
0.05086855454880525
0.050871658701828
0.05087475932196377
0.05087785640879555
0.050880949961907944
0.05088403998088566
0.05088712646531349
0.05089020941477626
0.05089328882885871
0.050896364707142816
0.050899437049199345
0.05090250585459619
0.05090557112290129
0.05090863285368254
0.05091169104650789
0.05091474570094521
0.05091779681656247
0.05092084439292891
0.05092388842961918
0.050926928926209196
0.05092996588227498
0.050932999297392506
0.05093602917113771
0.050939055503086875
0.05094207829281709
0.05094509753990593
0.05094811324393078
0.05095112540446877
0.05095413402109589
0.0509571390933879
0.05096014062092179
0.05096313860328055
0.05096613304004861
0.05096912393081036
0.05097211127515029
0.0509750950726535
0.05097807532290509
0.05098105202549023
0.05098402517999401
0.05098699478600167
0.05098996084309826
0.05099292335086899
0.05099588230889906
0.050998837716773465
0.051001789574077507
0.051004737880396216
0.05100768263531486
0.051010623838418485
0.05101356148929228
0.05101649558752138
0.051019426132690913
0.05102235312438615
0.051025276562194515
0.05102819644571355
0.05103111277455063
0.0510340255483446
0.051036934766748684
0.05103984042941774
0.05104274253600652
0.05104564108616991
0.05104853607956287
0.05105142751584007
0.0510543153946564
0.051057199715666815
0.05106008047852423
0.05106295768287458
0.05106583132836192
0.05106870141463245
0.05107156794133975
0.051074430908138325
0.05107729031467762
0.051080146160604425
0.0510829984455607
0.05108584716918721
0.05108869233112453
0.051091533931013476
0.051094371968494694
0.05109720644320894
0.05110003735479678
0.051102864702899126
0.05110568848715654
0.051108508707209684
0.05111132536269941
0.05111413845326628
0.05111694797855104
0.05111975393820095
0.0511225563318891
0.05112535515929528
0.05112815042009917
0.05113094211398035
0.051133730240624384
0.05113651479973957
0.05113929579104029
0.05114207321424265
0.05114484706906286
0.05114761735521851
0.051150384072431485
0.051153147220424855
0.051155906798921756
0.05115866280764522
0.05116141524631828
0.051164164114664124
0.051166909412405794
0.05116965113926635
0.05117238929496892
0.05117512387923653
0.05117785489179226
0.05118058233235921
0.05118330620066049
0.05118602649641913
0.05118874321935824
0.05119145636920033
0.05119416594566547
0.05119687194847332
0.05119957437734342
0.05120227323199529
0.05120496851214852
0.05120766021752276
0.051210348347837394
0.0512130329028121
0.0512157138821665
0.05121839128562155
0.05122106511290451
0.05122373536374402
0.05122640203786885
0.051229065135007676
0.05123172465488786
0.05123438059723159
0.05123703296175957
0.05123968174819264
0.05124232695625161
0.0512449685856573
0.05124760663613051
0.051250241107392035
0.051252871999162654
0.05125549931116313
0.051258123043118616
0.05126074319477102
0.05126335976586659
0.05126597275614878
0.05126858216535001
0.05127118799319995
0.051273790239428164
0.051276388903764625
0.05127898398594018
0.05128157548568598
0.05128416340274008
0.05128674773686768
0.05128932848784096
0.05129190565543189
0.05129447923941272
0.0512970492395554
0.051299615655630064
0.051302178487398424
0.05130473773462022
0.05130729339705522
0.05130984547446299
0.05131239396660325
0.05131493887323572
0.05131748019412008
0.05132001792901589
0.051322552077685595
0.05132508263990228
0.05132760961544155
0.051330133004079084
0.05133265280559063
0.051335169019751874
0.05133768164633843
0.05134019068512614
0.05134269613589054
0.05134519799840742
0.05134769627245244
0.05135019095779847
0.051352682054207205
0.051355169561437305
0.05135765347924767
0.05136013380739697
0.05136261054564414
0.05136508369374793
0.05136755325146706
0.05137001921856034
0.0513724815947867
0.05137494037990479
0.05137739557367342
0.0513798471758514
0.05138229518619755
0.05138473960447058
0.05138718043043008
0.05138961766383774
0.05139205130445617
0.051394481352047945
0.051396907806375444
0.05139933066720126
0.05140174993429463
0.05140416560745182
0.05140657768647306
0.0514089861711475
0.051411391061261406
0.05141379235660121
0.05141619005695322
0.05141858416210376
0.05142097467183923
0.05142336158594597
0.0514257449042103
0.051428124626418555
0.051430500752358374
0.05143287328182229
0.0514352422146043
0.051437607550498046
0.05143996928929759
0.05144232743079661
0.05144468197478909
0.05144703292106879
0.051449380269429655
0.05145172401966547
0.05145406417157009
0.05145640072493633
0.051458733679553115
0.05146106303520831
0.0514633887916896
0.05146571094878494
0.05146802950628212
0.051470344463968996
0.0514726558216334
0.05147496357906315
0.05147726773604612
0.05147956829237006
0.05148186524782298
0.051484158602188815
0.05148644835523677
0.051488734506732234
0.051491017056440616
0.0514932960041273
0.05149557134955768
0.05149784309249701
0.05150011123270989
0.051502375769960716
0.051504636704013805
0.051506894034633655
0.05150914776158465
0.05151139788463122
0.05151364440353766
0.05151588731806854
0.051518126627988096
0.051520362333060885
0.05152259443305002
0.05152482292771401
0.0515270478168102
0.05152926910009588
0.05153148677732842
0.051533700848265
0.05153591131266303
0.05153811817027979
0.05154032142087261
0.051542521064204455
0.05154471710006129
0.05154690952823459
0.05154909834851606
0.05155128356069719
0.051553465164569615
0.05155564315992493
0.051557817546554724
0.051559988324250516
0.051562155492803984
0.05156431905200668
0.05156647900165019
0.0515686353415261
0.05157078807142598
0.05157293719114145
0.05157508270046407
0.051577224599185456
0.051579362887097156
0.05158149756399085
0.05158362862965802
0.05158575608389028
0.05158787992647919
0.05159000015721643
0.051592116775893516
0.05159422978230208
0.05159633917623368
0.05159844495747988
0.051600547125832306
0.05160264568108253
0.05160474062302213
0.05160683195144273
0.0516089196661359
0.05161100376689321
0.051613084253506254
0.05161516112576663
0.05161723438346592
0.05161930402639573
0.05162137005434518
0.05162343246709377
0.05162549126441858
0.05162754644609661
0.05162959801190496
0.05163164596162069
0.05163369029502081
0.051635731011882416
0.05163776811198255
0.05163980159509826
0.05164183146100657
0.05164385770948455
0.0516458803403093
0.0516478993532578
0.05164991474810718
0.05165192652463447
0.0516539346826167
0.05165593922183092
0.051657940142054194
0.05165993744306361
0.05166193112463621
0.051663921186548986
0.05166590762857905
0.05166789045050343
0.051669869652099194
0.051671845233143464
0.05167381719341316
0.051675785532685384
0.05167775025073725
0.051679711347345746
0.05168166882228801
0.05168362267534093
0.05168557290628172
0.05168751951488736
0.05168946250093495
0.0516914018642015
0.05169333760446407
0.05169526972149973
0.051697198215085546
0.05169912308499854
0.05170104433101578
0.05170296195291432
0.05170487595047122
0.051706786323463545
0.05170869307166824
0.05171059619486255
0.051712495692823414
0.05171439156532783
0.05171628381215302
0.05171817243307589
0.05172005742787358
0.05172193879632303
0.051723816538201406
0.05172569065328566
0.05172756114135227
0.05172942800217774
0.051731291235538435
0.05173315084121083
0.05173500681896788
0.05173685916856849
0.05173870788976823
0.0517405529823225
0.051742394445986814
0.0517442322805166
0.051746066485667375
0.05174789706119462
0.05174972400685374
0.051751547322400254
0.05175336700758964
0.05175518306217731
0.05175699548591885
0.05175880427856964
0.05176060943988521
0.051762410969620934
0.051764208867532406
0.051766003133375066
0.051767793766904324
0.05176958076787574
0.05177136413604469
0.05177314387116677
0.05177491997299733
0.05177669244129191
0.05177846127580593
0.051780226476294974
0.051781988042514375
0.05178374597421973
0.05178550027116644
0.05178725093310994
0.0517889979598058
0.05179074135100941
0.051792481106476315
0.05179421722596194
0.05179594970922177
0.0517976785560113
0.05179940376608591
0.05180112533920123
0.05180284327511256
0.0518045575735755
0.05180626823434549
0.051807975257178
0.05180967864182847
0.051811378388052394
0.05181307449560522
0.05181476696424249
0.05181645579371965
0.05181814098379211
0.05181982253421545
0.051821500444745046
0.051823174715136436
0.05182484534514501
0.051826512334526335
0.051828175683035854
0.05182983539042904
0.051831491456461286
0.0518331438808882
0.051834792663465155
0.05183643780394765
0.051838079302091195
0.05183971715765125
0.051841351370383225
0.05184298194004262
0.05184460886638495
0.051846232149165665
0.05184785178814027
0.05184946778306418
0.05185108013369284
0.05185268883978181
0.051854293901086604
0.05185589531736252
0.05185749308836516
0.05185908721384992
0.051860677693572374
0.05186226452728793
0.05186384771475205
0.05186542725572022
0.05186700314994791
0.05186857539719064
0.0518701439972038
0.05187170894974294
0.051873270254563474
0.05187482791142089
0.05187638192007066
0.05187793228026906
0.05187947899177516
0.05188102205434891
0.05188256146775029
0.05188409723173907
0.05188562934607528
0.05188715781051875
0.051888682624829444
0.05189020378876723
0.051891721302092034
0.051893235164563796
0.05189474537594246
0.05189625193598777
0.05189775484445977
0.05189925410111841
0.051900749705723476
0.05190224165803492
0.0519037299578127
0.05190521460481669
0.05190669559880679
0.05190817293954291
0.05190964662678494
0.051911116660292876
0.05191258303982655
0.05191404576514593
0.05191550483601083
0.05191696025218129
0.05191841201341707
0.05191986011947822
0.05192130457012451
0.05192274536511599
0.051924182504212525
0.051925615987173976
0.05192704581376032
0.0519284719837314
0.051929894496847144
0.05193131335286786
0.05193272855155535
0.05193414009267176
0.051935547975979324
0.05193695220124008
0.051938352768215006
0.05193974967665967
0.05194114292632841
0.05194253251697541
0.051943918448355136
0.05194530072022178
0.05194667933232962
0.05194805428443298
0.05194942557628624
0.05195079320764353
0.05195215717825933
0.05195351748788781
0.05195487413628335
0.051956227123200104
0.05195757644839242
0.05195892211161372
0.05196026411261741
0.05196160245115695
0.051962937126985596
0.05196426813985684
0.051965595489524084
0.05196691917574066
0.05196823919826001
0.0519695555568355
0.05197086825122053
0.05197217728116848
0.051973482646432784
0.05197478434676676
0.05197608238192386
0.05197737675165749
0.051978667455720974
0.05197995449386777
0.051981237865851224
0.05198251757142477
0.05198379361034178
0.051985065982355604
0.05198633468721971
0.05198759972468746
0.051988861094512236
0.051990118796447445
0.051991372830246435
0.05199262319566263
0.051993869892449474
0.05199511292036028
0.051996352279148506
0.05199758796856749
0.05199881998837063
0.052000048338311365
0.05200127301814298
0.052002494027641816
0.05200371136667537
0.05200492503513399
0.05200613503290805
0.0520073413598879
0.05200854401596391
0.05200974300102635
0.05201093831496569
0.05201212995767226
0.05201331792903646
0.05201450222894858
0.052015682857298975
0.05201685981397805
0.0520180330988762
0.05201920271188369
0.05202036865289094
0.05202153092178839
0.052022689518466864
0.05202384444281713
0.05202499569473029
0.05202614327409709
0.05202728718080848
0.05202842741476917
0.05202956397593968
0.05203069686429427
0.05203182607980712
0.05203295162245265
0.052034073492205096
0.05203519168903879
0.05203630621292795
0.05203741706384691
0.05203852424177004
0.05203962774667153
0.05204072757852569
0.05204182373730682
0.0520429162229893
0.0520440050355473
0.05204509017495517
0.05204617164118717
0.052047249434217624
0.05204832355402081
0.05204939400057107
0.05205046077384261
0.05205152387380977
0.05205258330044688
0.05205363905372819
0.05205469113362798
0.052055739540127655
0.052056784273237074
0.05205782533297323
0.052058862719352984
0.05205989643239332
0.0520609264721112
0.052061952838523565
0.05206297553164737
0.05206399455149956
0.0520650098980971
0.05206602157145691
0.052067029571595924
0.052068033898531096
0.052069034552279465
0.05207003153285789
0.05207102484028333
0.052072014474572735
0.05207300043574306
0.0520739827238113
0.05207496133879433
0.052075936280709105
0.05207690754957264
0.05207787514540182
0.052078839068213624
0.05207979931802502
0.052080755894850256
0.05208170879869345
0.05208265802955589
0.052083603587438874
0.05208454547234387
0.052085483684272134
0.05208641822322514
0.05208734908920431
0.05208827628221077
0.05208919980224604
0.052090119649311484
0.05209103582340841
0.05209194832453829
0.052092857152702336
0.052093762307902
0.05209466379013865
0.05209556159941361
0.05209645573572826
0.05209734619908401
0.05209823298948212
0.05209911610692408
0.0520999955514112
0.05210087132294476
0.05210174342152624
0.05210261184715693
0.05210347659983825
0.05210433767957154
0.052105195086358164
0.05210604882019947
0.05210689888109685
0.052107745269051625
0.052108587984065195
0.05210942702613892
0.05211026239527419
0.052111094091472264
0.052111922114734636
0.05211274646506258
0.052113567142457504
0.05211438414692078
0.052115197478453716
0.0521160071370577
0.05211681312273411
0.052117615435484314
0.052118414075309684
0.05211920904221139
0.0521200003361902
0.052120787957246006
0.052121571905375794
0.05212235218057579
0.05212312878284221
0.05212390171217142
0.05212467096855964
0.052125436552003045
0.052126198462498115
0.052126956700040916
0.05212771126462781
0.05212846215625504
0.05212920937491883
0.05212995292061552
0.052130692793341295
0.05213142899309247
0.05213216151986529
0.05213289037365604
0.052133615554460985
0.05213433706227635
0.052135054897098417
0.05213576905892351
0.05213647954774776
0.05213718636356754
0.0521378895063791
0.05213858897617866
0.05213928477296255
0.05213997689672695
0.05214066534746819
0.05214135012518256
0.052142031229866236
0.05214270866151552
0.05214338242012672
0.05214405250569607
0.05214471891821976
0.0521453816576942
0.0521460407241155
0.052146696117480046
0.05214734783778403
0.052147995885023786
0.05214864025919546
0.05214928096029538
0.05214991798831993
0.052150551343265183
0.05215118102512753
0.05215180703390315
0.05215242936958839
0.052153048032179385
0.0521536630216726
0.0521542743380641
0.05215488198135026
0.0521554859515273
0.05215608624859153
0.052156682872539196
0.0521572758233665
0.052157865101069796
0.05215845070564529
0.05215903263708931
0.052159610895398036
0.052160185480567764
0.05216075639259478
0.05216132363147541
0.05216188719720574
0.052162447089782196
0.05216300330920095
0.05216355585545831
0.052164104728550556
0.05216464992847388
0.05216519145522466
0.052165729308799036
0.05216626348919336
0.05216679399640381
0.052167320830426786
0.052167843991258414
0.05216836347889506
0.0521688792933329
0.05216939143456827
0.05216989990259742
0.05217040469741654
0.05217090581902202
0.052171403267410016
0.05217189704257684
0.05217238714451874
0.05217287357323204
0.052173356328712964
0.052173835410957735
0.05217431081996263
0.052174782555723956
0.05217525061823797
0.0521757150075009
0.05217617572350899
0.05217663276627148
0.05217708613584865
0.05217753583231395
0.05217798185574058
0.052178424206201855
0.052178862883771215
0.05217929788852176
0.05217972922052691
0.052180156879859975
0.052180580866594196
0.052181001180802884
0.05218141782255939
0.05218183079193696
0.052182240089008944
0.05218264571384857
0.052183047666529245
0.05218344594712423
0.05218384055570679
0.05218423149235022
0.05218461875712786
0.05218500235011307
0.05218538227137907
0.05218575852099918
0.05218613109904662
0.05218650000559486
0.052186865240717056
0.052187226804486654
0.052187584696976826
0.052187938918260866
0.052188289468412245
0.05218863634750408
0.05218897955560977
0.052189319092801514
0.05218965495914745
0.052189987154714595
0.05219031567956996
0.05219064053378066
0.05219096171741366
0.052191279230536056
0.05219159307321483
0.05219190324551711
0.05219220974750982
0.05219251257926011
0.052192811740834906
0.052193107232301354
0.05219339905372646
0.05219368720517721
0.052193971686720714
0.052194252498423986
0.05219452964035406
0.05219480311257799
0.052195072915162545
0.05219533904817327
0.052195601511675786
0.052195860305736023
0.0521961154304201
0.05219636688579423
0.05219661467192451
0.05219685878887923
0.052197099236735454
0.052197336015572145
0.052197569125468496
0.052197798566507796
0.05219802433879032
0.05219824644242066
0.052198464877503216
0.05219867964414251
0.0521988907424468
0.052199098172539156
0.052199301934546465
0.05219950202859553
0.05219969845481325
0.0521998912133264
0.05220008030426176
0.05220026572774634
0.0522004474839068
0.05220062557287013
0.05220079999476303
0.05220097074971243
0.05220113783784512
0.05220130125928803
0.052201461014167845
0.05220161710261153
0.05220176952474588
0.052201918280697715
0.052202063370593896
0.05220220479456126
0.052202342552726634
0.052202476645216905
0.05220260707215882
0.05220273383367927
0.05220285692990511
0.052202976360965776
0.052203092127001284
0.05220320422815422
0.05220331266456722
0.052203417436382835
0.0522035185437438
0.052203615986792656
0.05220370976567206
0.05220379988052455
0.05220388633149282
0.05220396911871948
0.052204048242347104
0.052204123702518354
0.05220419549937578
0.05220426363306208
0.052204328103719805
0.05220438891149164
0.05220444605652011
0.052204499538947964
0.05220454935891766
0.0522045955165719
0.05220463801205331
0.052204676845504484
0.05220471201706807
0.052204743526886595
0.052204771375102765
0.0522047955618592
0.05220481608729847
0.05220483295156317
0.052204846154795925
0.05220485569713944
0.05220486157873804
0.05220486379974317
0.05220486236030821
0.05220485726058625
0.05220484850073068
0.052204836080894684
0.052204820001231556
0.05220480026189457
0.05220477686303698
0.05220474980481196
0.05220471908737286
0.05220468471087289
0.05220464667546533
0.05220460498130342
0.05220455962854047
0.05220451061732966
0.05220445794782427
0.05220440162017763
0.05220434163454284
0.05220427799107337
0.052204210689922315
0.05220413973124297
0.05220406511518862
0.05220398684191247
0.052203904911567886
0.05220381932430799
0.0522037300802861
0.0522036371796555
0.05220354062256945
0.05220344040918111
0.05220333653964388
0.05220322901411089
0.05220311783273549
0.05220300299567093
0.0522028845030712
0.052202762355093676
0.052202636551896574
0.05220250709363788
0.05220237398047585
0.052202237212568635
0.05220209679007431
0.05220195271315104
0.052201804981957
0.05220165359665029
0.05220149855738907
0.05220133986433151
0.0522011775176357
0.052201011517459844
0.05220084186396204
0.052200668557300406
0.052200491597633146
0.052200310985118376
0.05220012671991421
0.05219993880217883
0.052199747232085376
0.05219955200986701
0.05219935313577486
0.052199150610070896
0.05219894443302012
0.052198734604887324
0.05219852112593767
0.05219830399643579
0.052198083216643494
0.05219785878680975
0.05219763070718024
0.05219739897800068
0.052197163599516885
0.052196924571974494
0.05219668189561929
0.052196435570696975
0.05219618559745334
0.05219593197613405
0.05219567470698483
0.05219541379025141
0.052195149226179606
0.052194881015015064
0.05219460915700356
0.05219433365239076
0.05219405450142244
0.05219377170434437
0.052193485261402224
0.052193195172841725
0.05219290143890863
0.05219260405984867
0.05219230303590756
0.05219199836733107
0.05219169005436487
0.05219137809725473
0.05219106249624635
0.05219074325158552
0.052190420363517925
0.052190093832289286
0.05218976365814536
0.05218942984133187
0.052189092382094536
0.052188751280679145
0.05218840653733132
0.05218805815229684
0.05218770612582151
0.052187350458151545
0.05218699114953577
0.0521866282002234
0.052186261610463885
0.052185891380506486
0.052185517510600535
0.05218514000099535
0.052184758851940266
0.05218437406368463
0.05218398563647776
0.052183593570568954
0.052183197866207565
0.052182798523642916
0.05218239554312432
0.052181988924901175
0.052181578669222684
0.05218116477633829
0.052180747246497246
0.05218032607994893
0.0521799012769426
0.05217947283772765
0.0521790407625534
0.05217860505166912
0.05217816570532423
0.052177722723767916
0.052177276107249676
0.05217682585601874
0.05217637197032443
0.05217591445041609
0.05217545329654301
0.05217498850895459
0.05217452008790015
0.052174048033628975
0.0521735723463904
0.052173093026433755
0.05217261007400832
0.05217212348936353
0.05217163327274865
0.052171139424412996
0.05217064194460589
0.05217014083357673
0.05216963609157474
0.05216912771884837
0.05216861571564245
0.052168100082200755
0.0521675808187672
0.0521670579255856
0.05216653140289979
0.05216600125095372
0.05216546746999109
0.05216493006025586
0.05216438902199189
0.05216384435544292
0.05216329606085268
0.052162744138464764
0.05216218858852289
0.05216162941127053
0.052161066606951065
0.0521605001758064
0.05215993011807806
0.05215935643400761
0.05215877912383662
0.05215819818780667
0.052157613626159276
0.052157025439136064
0.052156433626978534
0.05215583818992827
0.05215523912822682
0.052154636442115765
0.05215403013183667
0.05215342019763107
0.05215280663974055
0.052152189458406065
0.0521515686538665
0.05215094422636001
0.052150316176124846
0.05214968450339931
0.05214904920842158
0.05214841029142991
0.052147767752662555
0.05214712159235775
0.05214647181075378
0.05214581840808879
0.05214516138460104
0.0521445007405288
0.0521438364761103
0.0521431685915838
0.05214249708718751
0.052141821963159744
0.0521411432197386
0.05214046085716247
0.052139774875669447
0.0521390852754979
0.05213839205688599
0.05213769522007198
0.052136994765294105
0.05213629069279063
0.05213558300279976
0.052134871695559776
0.052134156771308844
0.05213343823028532
0.05213271607272734
0.05213199029887312
0.05213126090896104
0.05213052790322924
0.05212979128191596
0.05212905104525947
0.05212830719349798
0.052127559726869735
0.05212680864561304
0.052126053949966035
0.052125295640167026
0.05212453371645421
0.05212376817906588
0.052122999028240205
0.05212222626421547
0.052121449887229936
0.0521206698975218
0.05211988629532905
0.052119099080888374
0.05211830825443638
0.05211751381620941
0.05211671576644401
0.05211591410537667
0.05211510883324379
0.05211429995028193
0.05211348745672751
0.052112671352817046
0.05211185163878695
0.05211102831487381
0.05211020138131402
0.05210937083834405
0.0521085366862004
0.052107698925119496
0.05210685755533796
0.052106012577092124
0.052105163990618514
0.05210431179615355
0.0521034559939338
0.052102596584195665
0.05210173356717567
0.05210086694311032
0.05209999671223598
0.052099122874789176
0.05209824543100638
0.05209736438112405
0.05209647972537863
0.05209559146400662
0.05209469959724447
0.0520938041253287
0.05209290504849573
0.052092002366981666
0.052091096081021304
0.05209018619084903
0.052089272696699315
0.0520883555988065
0.052087434897405055
0.052086510592729375
0.05208558268501387
0.05208465117449295
0.05208371606140105
0.05208277734597261
0.052081835028441964
0.05208088910904359
0.05207993958801183
0.05207898646558121
0.05207802974198611
0.05207706941746196
0.052076105492249655
0.05207513796659452
0.052074166840748476
0.05207319211498607
0.052072213789587575
0.05207123186483333
0.05207024634100349
0.05206925721837843
0.05206826449723834
0.05206726817786348
0.05206626826053417
0.052065264745530644
0.05206425763313313
0.05206324692362194
0.052062232617277326
0.05206121471437956
0.052060193215208904
0.05205916812004562
0.05205813942916995
0.052057107142862186
0.05205607126140258
0.05205503178507139
0.05205398871414892
0.0520529420489154
0.052051891789651104
0.052050837936636306
0.05204978049015122
0.052048719450476184
0.05204765481789139
0.05204658659267718
0.052045514775113794
0.05204443936548143
0.052043360364060404
0.05204227777113101
0.052041191586973436
0.05204010181186805
0.05203900844609499
0.05203791148993466
0.05203681094366724
0.05203570680757299
0.052034599081932205
0.052033487767025134
0.05203237286313203
0.05203125437053318
0.052030132289508806
0.05202900662033928
0.052027877363304754
0.05202674451868554
0.05202560808676189
0.05202446806781405
0.05202332446212236
0.052022177269967
0.05202102649162828
0.052019872127386395
0.05201871417752176
0.052017552642314495
0.05201638752204493
0.05201521881699328
0.0520140465274399
0.05201287065366517
0.05201169119595065
0.05201050815457796
0.05200932152982892
0.05200813132198496
0.05200693753132801
0.05200574015813968
0.052004539202701656
0.05200333466529563
0.05200212654620332
0.05200091484570634
0.05199969956408642
0.05199848070162532
0.051997258258604614
0.051996032235306064
0.051994802632011346
0.05199356944900214
0.051992332686560144
0.05199109234496969
0.05198984842452581
0.05198860092552604
0.05198734984826811
0.051986095193049614
0.051984836960168215
0.05198357514992151
0.05198230976260713
0.05198104079852277
0.051979768257965964
0.05197849214123447
0.05197721244862587
0.05197592918043769
0.05197464233696777
0.05197335191851363
0.051972057925372836
0.051970760357843176
0.0519694592162222
0.051968154500807544
0.05196684621189688
0.05196553434978778
0.05196421891477794
0.05196289990716498
0.051961577327246496
0.05196025117532018
0.051958921451683675
0.051957588156634524
0.05195625129047047
0.05195491085348904
0.05195356684598801
0.05195221926826488
0.051950868120617354
0.051949513403343084
0.05194815511673964
0.05194679326110467
0.05194542783673584
0.05194405884393079
0.05194268628298718
0.05194131015420254
0.05193993045787462
0.05193854719430099
0.0519371603637793
0.051935769966607176
0.051934376003082275
0.05193297847350224
0.05193157737816465
0.051930172717367225
0.05192876449140752
0.05192735270058322
0.051925937345191985
0.05192451842553132
0.051923095941898985
0.05192166989459262
0.05192024028390977
0.051918807110148124
0.051917370373605325
0.051915930074579
0.051914486213366744
0.05191303879026632
0.05191158780557521
0.05191013325959108
0.05190867515261164
0.05190721348493452
0.05190574825685725
0.051904279468677525
0.05190280712069304
0.05190133121320137
0.05189985174650013
0.05189836872088697
0.05189688213665958
0.051895391994115546
0.05189389829355251
0.051892401035268085
0.05189090021955993
0.051889395846725715
0.051887887917063016
0.0518863764308695
0.051884861388442775
0.051883342790080514
0.05188182063608032
0.05188029492673986
0.05187876566235678
0.05187723284322861
0.0518756964696531
0.05187415654192784
0.0518726130603505
0.05187106602521866
0.051869515436829924
0.05186796129548168
0.05186640360147122
0.05186484235509586
0.051863277556652924
0.05186170920643972
0.05186013730475351
0.05185856185189174
0.05185698284815156
0.051855400293830435
0.05185381418922562
0.0518522245346386
0.05185063133038802
0.05184903457679672
0.05184743427418746
0.05184583042288314
0.051844223023206494
0.051842612075480375
0.05184099758002761
0.051839379537170986
0.05183775794723337
0.05183613281053755
0.05183450412740637
0.05183287189816262
0.051831236123129155
0.05182959680262874
0.05182795393698424
0.05182630752651849
0.051824657571554224
0.051823004072414386
0.05182134702942165
0.05181968644289896
0.05181802231316908
0.05181635464055479
0.051814683425378996
0.05181300866796449
0.051811330368634105
0.05180964852771053
0.05180796314551675
0.05180627422237551
0.051804581758609664
0.051802885754542
0.05180118621049533
0.051799483126792514
0.051797776503756325
0.05179606634170962
0.051794352640975226
0.05179263540187587
0.0517909146247345
0.05178919030987379
0.051787462457616784
0.05178573106828606
0.051783996142204525
0.051782257679695076
0.05178051568108045
0.05177877014668349
0.05177702107682695
0.0517752684718338
0.05177351233202667
0.05177175265772856
0.05176998944926217
0.05176822270695032
0.05176645243111597
0.051764678622081804
0.05176290128017069
0.05176112040570543
0.05175933599900894
0.05175754806040396
0.05175575659021335
0.05175396158875991
0.051752163056366506
0.051750360993355914
0.05174855540005104
0.05174674627677468
0.051744933623849576
0.05174311744159865
0.051741297730344755
0.0517394744904106
0.051737647722119126
0.051735817425793106
0.05173398360175539
0.05173214625032875
0.05173030537183601
0.051728460966600144
0.05172661303494377
0.05172476157718986
0.05172290659366126
0.05172104808468062
0.05171918605057098
0.05171732049165504
0.05171545140825561
0.05171357880069562
0.05171170266929779
0.051709823014385044
0.05170793983628015
0.051706053135305935
0.051704162911785256
0.051702269166040926
0.05170037189839573
0.051698471109172535
0.0516965667986942
0.0516946589672835
0.05169274761526328
0.05169083274295638
0.051688914350685566
0.05168699243877377
0.05168506700754373
0.05168313805731829
0.05168120558842032
0.0516792696011726
0.05167733009589802
0.05167538707291928
0.051673440532559324
0.051671490475140934
0.051669536900987
0.05166757981042023
0.05166561920376355
0.05166365508133974
0.051661687443471625
0.051659716290482056
0.051657741622693876
0.051655763440429846
0.05165378174401283
0.05165179653376575
0.051649807810011245
0.05164781557307227
0.051645819823271585
0.05164382056093211
0.051641817786376554
0.051639811499927836
0.05163780170190876
0.05163578839264212
0.05163377157245077
0.05163175124165754
0.05162972740058527
0.05162770004955671
0.05162566918889478
0.05162363481892225
0.051621596939961954
0.0516195555523368
0.05161751065636948
0.051615462252382935
0.051613410340699925
0.05161135492164331
0.051609295995535896
0.05160723356270049
0.05160516762345998
0.051603098178137165
0.0516010252270548
0.051598948770535856
0.05159686880890304
0.05159478534247926
0.051592698371587226
0.05159060789654993
0.05158851391769004
0.051586416435330504
0.05158431544979406
0.051582210961403634
0.05158010297048195
0.05157799147735187
0.051575876482336254
0.051573757985757876
0.051571635987939596
0.05156951048920422
0.051567381489874636
0.05156524899027364
0.05156311299072402
0.05156097349154858
0.05155883049307026
0.05155668399561177
0.05155453399949602
0.05155238050504579
0.0515502235125839
0.05154806302243325
0.051545899034916576
0.05154373155035674
0.05154156056907661
0.05153938609139894
0.05153720811764659
0.05153502664814243
0.0515328416832092
0.051530653223169846
0.051528461268347044
0.051526265819063756
0.05152406687564268
0.05152186443840679
0.051519658507678825
0.05151744908378156
0.051515236167037966
0.05151301975777073
0.05151079985630277
0.051508576462956895
0.05150634957805593
0.05150411920192264
0.051501885334879934
0.05149964797725063
0.051497407129357485
0.0514951627915234
0.05149291496407117
0.05149066364732363
0.05148840884160362
0.051486150547233926
0.051483888764537404
0.05148162349383685
0.05147935473545515
0.05147708248971508
0.051474806756939544
0.051472527537451254
0.05147024483157311
0.05146795863962793
0.05146566896193854
0.05146337579882771
0.05146107915061839
0.05145877901763331
0.05145647540019526
0.05145416829862721
0.051451857713251864
0.051449543644392096
0.05144722609237073
0.051444905057510565
0.051442580540134494
0.051440252540565286
0.05143792105912579
0.05143558609613881
0.05143324765192717
0.05143090572681378
0.05142856032112135
0.05142621143517281
0.05142385906929086
0.05142150322379846
0.05141914389901836
0.05141678109527347
0.0514144148128865
0.05141204505218026
0.05140967181347777
0.05140729509710165
0.051404914903374885
0.05140253123262018
0.051400144085160464
0.05139775346131841
0.051395359361417065
0.051392961785779095
0.05139056073472733
0.05138815620858465
0.05138574820767389
0.05138333673231787
0.05138092178283937
0.051378503359561255
0.05137608146280634
0.05137365609289745
0.051371227250157435
0.051368794934909125
0.051366359147475275
0.05136391988817883
0.051361477157342475
0.051359030955289195
0.0513565812823417
0.051354128138822834
0.051351671525055445
0.051349211441362376
0.051346747888066445
0.051344280865490415
0.05134181037395723
0.051339336413789606
0.05133685898531042
0.05133437808884255
0.05133189372470874
0.05132940589323183
0.051326914594734666
0.05132441982954006
0.051321921597970936
0.05131941990034995
0.051316914737000056
0.051314406108244025
0.051311894014404676
0.051309378455804855
0.051306859432767395
0.05130433694561517
0.051301810994670884
0.05129928158025748
0.05129674870269775
0.05129421236231452
0.05129167255943058
0.0512891292943688
0.05128658256745204
0.051284032379002975
0.05128147872934462
0.05127892161879967
0.051276361047691045
0.051273797016341514
0.05127122952507392
0.05126865857421107
0.05126608416407581
0.05126350629499096
0.051260924967279395
0.05125834018126383
0.05125575193726717
0.0512531602356123
0.05125056507662195
0.05124796646061898
0.05124536438792616
0.05124275885886645
0.05124014987376255
0.05123753743293734
0.05123492153671369
0.05123230218541432
0.051229679379362146
0.05122705311887991
0.051224423404290544
0.051221790235916824
0.051219153614081525
0.0512165135391076
0.05121387001131777
0.05121122303103486
0.05120857259858177
0.0512059187142813
0.05120326137845622
0.051200600591429404
0.05119793635352368
0.05119526866506196
0.05119259752636688
0.051189922937761374
0.051187244899568295
0.0511845634121104
0.05118187847571061
0.051179190090691655
0.05117649825737636
0.0511738029760877
0.05117110424714832
0.051168402070881164
0.05116569644760902
0.05116298737765466
0.051160274861341025
0.05115755889899084
0.05115483949092699
0.0511521166374723
0.05114939033894957
0.051146660595681626
0.05114392740799134
0.05114119077620151
0.05113845070063488
0.05113570718161446
0.0511329602194629
0.051130209814503134
0.05112745596705792
0.05112469867745014
0.05112193794600262
0.051119173773038165
0.051116406158879565
0.05111363510384969
0.05111086060827142
0.0511080826724675
0.0511053012967608
0.051102516481474076
0.05109972822693023
0.05109693653345209
0.05109414140136247
0.05109134283098409
0.051088540822640006
0.051085735376652786
0.051082926493345476
0.05108011417304075
0.05107729841606155
0.05107447922273063
0.05107165659337082
0.05106883052830494
0.051066001027855884
0.0510631680923464
0.05106033172209939
0.051057491917437615
0.05105464867868393
0.051051802006161176
0.05104895190019209
0.05104609836109964
0.05104324138920659
0.0510403809848357
0.05103751714830989
0.05103464987995199
0.05103177918008474
0.05102890504903105
0.05102602748711381
0.05102314649465643
0.051020262071982334
0.05101737421941508
0.051014482937278116
0.051011588225894924
0.05100869008558903
0.05100578851668386
0.05100288351950293
0.050999975094369716
0.05099706324160772
0.05099414796154037
0.050991229254491253
0.050988307120783796
0.05098538156074152
0.050982452574687816
0.05097952016294625
0.05097658432584029
0.050973645063693424
0.05097070237682911
0.050967756265570895
0.0509648067302422
0.05096185377116654
0.05095889738866738
0.05095593758306825
0.05095297435469259
0.050950007703863896
0.05094703763090566
0.050944064136141415
0.05094108721989453
0.05093810688248855
0.05093512312424705
0.05093213594549333
0.05092914534655104
0.05092615132774357
0.05092315388939449
0.05092015303182722
0.05091714875536524
0.05091414106033205
0.050911129947051166
0.05090811541584599
0.05090509746704016
0.05090207610095697
0.05089905131792005
0.05089602311825281
0.05089299150227879
0.05088995647032142
0.05088691802270419
0.05088387615975069
0.05088083088178423
0.05087778218912845
0.05087473008210673
0.05087167456104262
0.05086861562625959
0.05086555327808112
0.05086248751683063
0.05085941834283171
0.05085634575640787
0.05085326975788243
0.05085019034757904
0.05084710752582105
0.050844021292932084
0.05084093164923555
0.05083783859505494
0.0508347421307137
0.050831642256535366
0.0508285389728434
0.05082543227996135
0.05082232217821263
0.05081920866792074
0.050816091749409174
0.05081297142300144
0.050809847689021005
0.050806720547791284
0.050803589999635856
0.05080045604487821
0.05079731868384175
0.050794177916850036
0.050791033744226485
0.05078788616629466
0.05078473518337799
0.05078158079579998
0.05077842300388415
0.05077526180795392
0.0507720972083328
0.0507689292053443
0.05076575779931186
0.05076258299055903
0.05075940477940921
0.05075622316618593
0.05075303815121272
0.050749849734813
0.0507466579173103
0.05074346269902807
0.05074026408028978
0.05073706206141897
0.050733856642739106
0.050730647824573656
0.0507274356072461
0.05072421999107992
0.050721000976398645
0.05071777856352573
0.05071455275278469
0.05071132354449899
0.05070809093899205
0.050704854936587426
0.050701615537608644
0.050698372742379066
0.05069512655122232
0.05069187696446181
0.050688623982420966
0.05068536760542338
0.05068210783379255
0.05067884466785182
0.0506755781079248
0.05067230815433491
0.050669034807405706
0.05066575806746063
0.05066247793482313
0.050659194409816755
0.05065590749276493
0.05065261718399123
0.05064932348381906
0.0506460263925719
0.050642725910573276
0.050639422038146725
0.05063611477561558
0.050632804123303475
0.05062949008153379
0.050626172650630116
0.05062285183091582
0.05061952762271445
0.05061620002634952
0.05061286904214446
0.05060953467042278
0.050606196911507945
0.05060285576572347
0.05059951123339287
0.05059616331483956
0.050592812010387025
0.050589457320358765
0.05058609924507834
0.05058273778486911
0.050579372940054684
0.05057600471095848
0.05057263309790396
0.05056925810121465
0.05056587972121404
0.05056249795822559
0.05055911281257279
0.050555724284579134
0.05055233237456814
0.0505489370828632
0.05054553840978789
0.05054213635566564
0.05053873092082
0.050535322105574355
0.05053190991025229
0.0505284943351772
0.05052507538067266
0.050521653047062125
0.05051822733466899
0.05051479824381688
0.05051136577482922
0.05050792992802951
0.05050449070374119
0.05050104810228778
0.050497602123992756
0.050494152769179644
0.05049070003817185
0.05048724393129287
0.050483784448866226
0.050480321591215474
0.050476855358663975
0.05047338575153529
0.05046991277015287
0.050466436414840166
0.050462956685920726
0.05045947358371802
0.05045598710855553
0.05045249726075677
0.050449004040645125
0.05044550744854416
0.050442007484777354
0.05043850414966823
0.050434997443540186
0.05043148736671673
0.050427973919521495
0.05042445710227775
0.05042093691530905
0.05041741335893893
0.050413886433490804
0.050410356139288244
0.05040682247665466
0.05040328544591361
0.05039974504738856
0.05039620128140373
0.05039265414828302
0.05038910364835074
0.05038554978193085
0.05038199254934756
0.05037843195092501
0.0503748679869873
0.05037130065785849
0.05036772996386284
0.050364155905324365
0.050360578482567205
0.05035699769591544
0.05035341354569331
0.05034982603222485
0.050346235155834244
0.05034264091684555
0.05033904331558289
0.05033544235237044
0.05033183802753236
0.05032823034139261
0.05032461929427549
0.05032100488650496
0.05031738711840546
0.050313765990301774
0.050310141502519036
0.0503065136553823
0.05030288244921664
0.05029924788434718
0.050295609961098844
0.05029196867979683
0.050288324040766164
0.05028467604433194
0.05028102469081916
0.05027736998055294
0.050273711913858356
0.050270050491060474
0.05026638571248436
0.05026271757845508
0.050259046089297724
0.050255371245337306
0.050251693046898915
0.050248011494307666
0.05024432658788862
0.0502406383279668
0.05023694671486725
0.05023325174891515
0.05022955343043547
0.050225851759753325
0.0502221467371938
0.0502184383630819
0.05021472663774275
0.0502110115615014
0.05020729313468294
0.05020357135761236
0.05019984623061489
0.050196117754015425
0.05019238592813913
0.050188650753311054
0.05018491222985624
0.05018117035809981
0.0501774251383668
0.05017367657098222
0.05016992465627129
0.050166169394558945
0.050162410786170314
0.05015864883143047
0.05015488353066445
0.05015111488419733
0.0501473428923542
0.050143567555460074
0.05013978887384014
0.05013600684781935
0.050132221477722824
0.050128432763875595
0.050124640706602754
0.05012084530622912
0.05011704656307955
0.05011324447747894
0.050109439049752076
0.050105630280223815
0.050101818169218965
0.05009800271706245
0.05009418392407901
0.05009036179059361
0.050086536316930955
0.05008270750341596
0.050078875350373475
0.05007503985812835
0.05007120102700538
0.050067358857329436
0.05006351334942537
0.05005966450361802
0.05005581232023215
0.05005195679959268
0.050048097942024486
0.05004423574785235
0.050040370217401126
0.05003650135099564
0.050032629148960825
0.0500287536116214
0.050024874739302255
0.05002099253232821
0.050017106991024136
0.05001321811571493
0.0500093259067253
0.05000543036438021
0.05000153148900443
0.04999762928092286
0.049993723740460266
0.04998981486794151
0.049985902663691524
0.04998198712803506
0.04997806826129695
0.04997414606380209
0.049970220535875326
0.049966291677841425
0.0499623594900253
0.049958423972751756
0.04995448512634569
0.049950542951131875
0.049946597447435175
0.04994264861558045
0.049938696455892516
0.04993474096869624
0.04993078215431643
0.04992682001307798
0.049922854545305664
0.04991888575132438
0.04991491363145897
0.04991093818603428
0.049906959415375075
0.049902977319806266
0.049898991899652675
0.049895003155239155
0.04989101108689058
0.0498870156949317
0.04988301697968745
0.049879014941482634
0.049875009580643836
0.04987100089750492
0.04986698889240137
0.04986297356566868
0.049858954917642584
0.049854932948658434
0.04985090765905193
0.04984687904915853
0.04984284711931386
0.0498388118698534
0.04983477330111273
0.04983073141342687
0.04982668620712873
0.049822637682550464
0.04981858584002447
0.049814530679883055
0.04981047220245851
0.04980641040808314
0.04980234529708925
0.049798276869809165
0.04979420512657518
0.049790130067719526
0.04978605169357462
0.04978197000447273
0.04977788500074613
0.049773796682727175
0.049769705050748105
0.04976561010514129
0.04976151184623895
0.049757410274373505
0.04975330538987716
0.04974919719308226
0.049745085684321136
0.04974097086392608
0.04973685273222933
0.049732731289563306
0.049728606536260225
0.04972447847265239
0.04972034709907216
0.04971621241585184
0.049712074423323656
0.049707933121820015
0.04970378851167311
0.04969964059321539
0.049695489366778985
0.049691334832696346
0.049687176991299736
0.04968301584292143
0.049678851387893776
0.049674683626549004
0.04967051255921969
0.049666338186238744
0.049662160507939423
0.04965797952465487
0.04965379523671829
0.049649607644462884
0.0496454167482218
0.04964122254832826
0.04963702504511539
0.049632824238916406
0.049628620130064555
0.04962441271889291
0.04962020200573476
0.049615987990923156
0.049611770674791424
0.04960755005767262
0.049603326139900025
0.04959909892180681
0.0495948684037261
0.04959063458599115
0.049586397468935055
0.04958215705289111
0.0495779133381924
0.049573666325172155
0.049569416014163564
0.04956516240549978
0.04956090549951403
0.0495566452965395
0.04955238179690929
0.0495481150009567
0.04954384490901479
0.049539571521416824
0.049535294838496016
0.04953101486058543
0.04952673158801836
0.049522445021127945
0.049518155160247365
0.049513862005709806
0.04950956555784851
0.04950526581699658
0.049500962783487236
0.04949665645765364
0.04949234683982898
0.04948803393034646
0.04948371772953927
0.04947939823774052
0.049475075455283554
0.04947074938250138
0.04946642001972725
0.04946208736729437
0.04945775142553591
0.04945341219478505
0.049449069675374935
0.04944472386763879
0.04944037477190983
0.049436022388521204
0.04943166671780604
0.04942730776009762
0.04942294551572909
0.04941857998503359
0.04941421116834437
0.04940983906599458
0.0494054636783174
0.049401085005645995
0.049396703048313624
0.04939231780665338
0.04938792928099852
0.049383537471682164
0.04937914237903754
0.049374744003397836
0.04937034234509621
0.049365937404465786
0.04936152918183989
0.04935711767755158
0.049352702891934136
0.04934828482532067
0.04934386347804439
0.04933943885043846
0.049335010942836155
0.0493305797555705
0.04932614528897482
0.049321707543382214
0.04931726651912588
0.049312822216539084
0.049308374635954895
0.04930392377770654
0.04929946964212726
0.049295012229550135
0.04929055154030838
0.049286087574735245
0.049281620333163835
0.04927714981592742
0.049272676023359066
0.049268198955792014
0.049263718613559514
0.049259234996994625
0.04925474810643059
0.049250257942200615
0.04924576450463788
0.04924126779407553
0.04923676781084679
0.04923226455528483
0.049227758027722834
0.04922324822849392
0.04921873515793138
0.04921421881636836
0.04920969920413802
0.04920517632157353
0.049200650169008125
0.049196120746774964
0.049191588055207236
0.04918705209463808
0.04918251286540075
0.049177970367828394
0.04917342460225416
0.04916887556901132
0.04916432326843299
0.04915976770085236
0.049155208866602636
0.04915064676601698
0.04914608139942863
0.04914151276717069
0.04913694086957637
0.04913236570697886
0.04912778727971138
0.04912320558810705
0.04911862063249908
0.04911403241322068
0.04910944093060499
0.04910484618498523
0.04910024817669455
0.04909564690606613
0.049091042373433216
0.04908643457912896
0.049081823523486466
0.049077209206839084
0.04907259162951983
0.04906797079186199
0.04906334669419868
0.04905871933686318
0.04905408872018854
0.049049454844508025
0.04904481771015485
0.04904017731746211
0.0490355336667631
0.049030886758390915
0.04902623659267872
0.049021583169959804
0.04901692649056725
0.0490122665548343
0.049007603363094114
0.04900293691567986
0.048998267212924766
0.048993594255162
0.048988918042724684
0.0489842385759461
0.04897955585515937
0.0489748698806977
0.048970180652894255
0.04896548817208221
0.04896079243859483
0.048956093452765206
0.0489513912149265
0.04894668572541204
0.048941976984554846
0.048937264992688204
0.04893254975014521
0.0489278312572592
0.048923109514363225
0.04891838452179046
0.04891365627987415
0.04890892478894751
0.048904190049343634
0.04889945206139577
0.04889471082543705
0.048889966341800664
0.0488852186108199
0.048880467632827836
0.04887571340815767
0.04887095593714255
0.04886619522011577
0.0488614312574104
0.048856664049359656
0.04885189359629676
0.04884711989855485
0.04884234295646719
0.04883756277036675
0.04883277934058617
0.048827992667457965
0.04882320275131465
0.04881840959248863
0.04881361319131244
0.04880881354811862
0.0488040106632396
0.048799204537007895
0.04879439516975596
0.04878958256181637
0.048784766713521534
0.04877994762520399
0.048775125297196284
0.0487702997298308
0.0487654709234401
0.04876063887835659
0.048755803594912855
0.04875096507344139
0.048746123314274636
0.0487412783177451
0.04873643008418525
0.04873157861392768
0.04872672390730475
0.04872186596464902
0.048717004786292976
0.04871214037256916
0.048707272723809945
0.04870240184034795
0.04869752772251553
0.04869265037064532
0.04868776978506973
0.04868288596612127
0.04867799891413244
0.04867310862943572
0.0486682151123636
0.04866331836324861
0.048658418382423164
0.04865351517021985
0.04864860872697113
0.048643699053009436
0.04863878614866728
0.04863387001427724
0.04862895065017171
0.04862402805668325
0.04861910223414431
0.04861417318288739
0.04860924090324497
0.04860430539554961
0.04859936666013371
0.04859442469732981
0.048589479507470355
0.04858453109088795
0.04857957944791499
0.04857462457888398
0.04856966648412743
0.04856470516397786
0.04855974061876769
0.048554772848829475
0.048549801854495686
0.04854482763609881
0.048539850193971334
0.0485348695284458
0.048529885639854616
0.04852489852853033
0.04851990819480543
0.04851491463901236
0.048509917861483745
0.048504917862551955
0.048499914642549484
0.048494908201808865
0.04848989854066257
0.04848488565944312
0.04847986955848301
0.04847485023811463
0.04846982769867066
0.04846480194048342
0.04845977296388548
0.04845474076920933
0.0484497053567874
0.04844466672695233
0.04843962488003649
0.048434579816372364
0.0484295315362925
0.04842448004012935
0.04841942532821542
0.048414367400883264
0.04840930625846524
0.04840424190129404
0.048399174329701915
0.048394103544021565
0.04838902954458535
0.048383952331725835
0.048378871905775486
0.04837378826706678
0.04836870141593224
0.04836361135270434
0.04835851807771557
0.04835342159129843
0.04834832189378539
0.048343218985508994
0.04833811286680171
0.04833300353799599
0.048327890999424354
0.04832277525141932
0.048317656294313394
0.04831253412843899
0.04830740875412868
0.048302280171714874
0.04829714838153017
0.048292013383907005
0.048286875179177784
0.048281733767675215
0.04827658914973157
0.048271441325679426
0.048266290295851305
0.04826113606057969
0.048255978620197044
0.048250817975035866
0.04824565412542866
0.0482404870717079
0.04823531681420609
0.0482301433532558
0.048224966689189366
0.048219786822339405
0.04821460375303834
0.048209417481618715
0.048204228008412967
0.048199035333753665
0.04819383945797324
0.04818864038140414
0.04818343810437897
0.04817823262723017
0.04817302395029028
0.04816781207389165
0.04816259699836694
0.04815737872404851
0.04815215725126893
0.0481469325803607
0.04814170471165627
0.04813647364548814
0.048131239382188815
0.048126001922090766
0.04812076126552655
0.04811551741282857
0.048110270364329355
0.048105020120361455
0.048099766681257275
0.048094510047349354
0.048089250218970134
0.04808398719645218
0.04807872098012799
0.048073451570329905
0.04806817896739063
0.0480629031716425
0.048057624183418156
0.04805234200304988
0.04804705663087038
0.048041768067212026
0.04803647631240726
0.04803118136678875
0.04802588323068884
0.04802058190444008
0.048015277388374925
0.04800996968282594
0.04800465878812558
0.04799934470460627
0.04799402743260058
0.047988706972441
0.04798338332446005
0.047978056488990124
0.047972726466363795
0.047967393256913515
0.0479620568609718
0.04795671727887112
0.04795137451094402
0.047946028557522904
0.047940679418940355
0.04793532709552882
0.047929971587620766
0.04792461289554871
0.04791925101964524
0.04791388596024267
0.0479085177176736
0.047903146292270514
0.04789777168436591
0.047892393894292215
0.04788701292238203
0.04788162876896776
0.047876241434381905
0.04787085091895702
0.047865457223025494
0.047860060346919926
0.047854660290972746
0.047849257055516486
0.0478438506408836
0.04783844104740661
0.04783302827541797
0.047827612325250214
0.047822193197235775
0.047816770891707244
0.047811345408997036
0.04780591674943769
0.04780048491336165
0.047795049901101366
0.04778961171298949
0.04778417034935842
0.047778725810540594
0.04777327809686858
0.04776782720867482
0.04776237314629192
0.04775691591005222
0.04775145550028825
0.0477459919173326
0.04774052516151766
0.047735055233175984
0.04772958213263999
0.04772410586024226
0.04771862641631525
0.04771314380119144
0.04770765801520329
0.04770216905868338
0.04769667693196413
0.047691181635378034
0.04768568316925765
0.04768018153393541
0.047674676729743834
0.04766916875701538
0.047663657616082586
0.04765814330727794
0.047652625830933874
0.04764710518738293
0.04764158137695761
0.047636054399990364
0.04763052425681373
0.04762499094776022
0.04761945447316227
0.04761391483335233
0.04760837202866299
0.047602826059426735
0.047597276925975956
0.047591724628643285
0.04758616916776112
0.04758061054366196
0.04757504875667835
0.04756948380714273
0.047563915695387586
0.04755834442174543
0.047552769986548865
0.04754719239013018
0.047541611632822015
0.04753602771495678
0.04753044063686699
0.047524850398885175
0.047519257001343795
0.047513660444575334
0.04750806072891232
0.04750245785468717
0.047496851822232476
0.04749124263188072
0.04748563028396432
0.04748001477881582
0.047474396116767646
0.047468774298152404
0.0474631493233025
0.04745752119255042
0.04745188990622877
0.04744625546466991
0.04744061786820636
0.0474349771171707
0.047429333211895304
0.04742368615271273
0.04741803593995546
0.04741238257395601
0.04740672605504682
0.047401066383560495
0.0473954035598293
0.04738973758418596
0.047384068456962865
0.04737839617849248
0.04737272074910739
0.047367042169140006
0.04736136043892287
0.04735567555878842
0.04734998752906923
0.047344296350097674
0.04733860202220635
0.04733290454572775
0.0473272039209943
0.04732150014833852
0.0473157932280929
0.047310083160589975
0.04730436994616403
0.04729865358515725
0.047292934077913386
0.04728721142477649
0.047281485626090414
0.04727575668219911
0.047270024593446494
0.04726428936017647
0.047258550982733
0.04725280946145991
0.047247064796701266
0.04724131698880086
0.047235566038102694
0.047229811944950684
0.047224054709688726
0.04721829433266075
0.0472125308142107
0.04720676415468242
0.04720099435441994
0.047195221413767086
0.047189445333067855
0.047183666112666174
0.0471778837529059
0.047172098254130955
0.047166309616685324
0.04716051784091286
0.047154722927157576
0.04714892487576331
0.04714312368707403
0.04713731936143364
0.04713151189918601
0.04712570130067519
0.04711988756624499
0.047114070696239414
0.04710825069100231
0.04710242755087758
0.04709660127620925
0.047090771867341216
0.04708493932461735
0.047079103648381554
0.047073264838977856
0.047067422896750095
0.047061577822042226
0.04705572961519813
0.04704987827656179
0.0470440238064771
0.047038166205287966
0.047032305473338296
0.04702644161097203
0.04702057461853316
0.04701470449636551
0.04700883124481306
0.04700295486421968
0.04699707535492935
0.04699119271728595
0.04698530695163345
0.04697941805831569
0.046973526037676655
0.04696763089006028
0.04696173261581045
0.04695583121527409
0.046949926688810185
0.046944019036780645
0.046938108259547466
0.04693219435747256
0.04692627733091791
0.04692035718024546
0.04691443390581718
0.04690850750799495
0.04690257798714084
0.04689664534361668
0.046890709577784566
0.046884770690006336
0.04687882868064397
0.0468728835500593
0.04686693529861366
0.04686098392666835
0.046855029434584514
0.0468490718227234
0.04684311109144679
0.046837147241118655
0.04683118027210353
0.04682521018476601
0.04681923697947061
0.0468132606565818
0.046807281216464214
0.04680129865948234
0.04679531298600076
0.04678932419638399
0.04678333229099652
0.046777337270203084
0.046771339134367956
0.046765337883855854
0.04675933351903128
0.046753326040258766
0.04674731544790283
0.04674130174232809
0.04673528492389898
0.04672926499298013
0.046723241949936
0.04671721579513126
0.04671118652893031
0.04670515415169775
0.04669911866379814
0.046693080065596054
0.046687038357455905
0.04668099353974235
0.04667494561281983
0.04666889457705306
0.04666284043280642
0.04665678318044449
0.04665072282033181
0.04664465935283294
0.046638592778312435
0.04663252309713482
0.04662645030966461
0.046620374416266375
0.04661429541730463
0.046608213313143965
0.046602128104148904
0.04659603979068391
0.0465899483731137
0.04658385385180266
0.046577756227115324
0.046571655499416324
0.046565551669070185
0.04655944473644139
0.046553334701894565
0.046547221565794134
0.04654110532850475
0.04653498599039093
0.04652886355181714
0.046522738013148025
0.04651660937474808
0.046510477636981844
0.04650434280021386
0.046498204864808636
0.04649206383113077
0.046485919699544805
0.046479772470415175
0.046473622144106594
0.04646746872098347
0.0464613122014104
0.046455152585751905
0.04644898987437252
0.04644282406763681
0.04643665516590933
0.0464304831695546
0.046424308078937083
0.04641812989442144
0.04641194861637217
0.046405764245153816
0.046399576781130915
0.04639338622466801
0.04638719257612964
0.04638099583588034
0.046374796004284666
0.04636859308170713
0.04636238706851232
0.046356177965064735
0.04634996577172893
0.046343750488869434
0.04633753211685082
0.04633131065603764
0.0463250861067944
0.046318858469485615
0.04631262774447588
0.046306393932129736
0.04630015703281163
0.04629391704688627
0.046287673974718044
0.046281427816671564
0.046275178573111385
0.046268926244401966
0.046262670830907994
0.0462564123329939
0.04625015075102421
0.046243886085363534
0.04623761833637637
0.046231347504427284
0.04622507358988077
0.046218796593101436
0.04621251651445377
0.04620623335430234
0.046199947113011695
0.04619365779094638
0.04618736538847087
0.0461810699059498
0.046174771343747666
0.046168469702229
0.0461621649817583
0.04615585718270021
0.04614954630541926
0.0461432323502799
0.046136915317646694
0.04613059520788427
0.046124272021357084
0.046117945758429715
0.04611161641946671
0.04610528400483259
0.04609894851489191
0.046092609950009175
0.046086268310548954
0.046079923596875835
0.04607357580935427
0.046067224948348875
0.04606087101422411
0.046054514007344574
0.04604815392807482
0.046041790776779355
0.046035424553822736
0.046029055259569546
0.046022682894384236
0.046016307458631396
0.04600992895267556
0.046003547376881275
0.04599716273161311
0.04599077501723556
0.045984384234113176
0.045977990382610516
0.0459715934630921
0.04596519347592249
0.04595879042146626
0.045952384300087856
0.04594597511215185
0.045939562858022844
0.045933147538065336
0.04592672915264388
0.04592030770212301
0.04591388318686728
0.0459074556072412
0.04590102496360931
0.04589459125633619
0.04588815448578636
0.04588171465232436
0.04587527175631474
0.04586882579812203
0.04586237677811077
0.04585592469664551
0.045849469554090826
0.045843011350811175
0.045836550087171184
0.04583008576353535
0.045823618380268175
0.045817147937734296
0.04581067443629818
0.04580419787632441
0.045797718258177474
0.04579123558222197
0.045784749848822394
0.04577826105834337
0.045771769211149345
0.04576527430760489
0.04575877634807454
0.04575227533292288
0.04574577126251438
0.04573926413721369
0.045732753957385186
0.045726240723393534
0.0457197244356033
0.04571320509437895
0.045706682700084975
0.045700157253086085
0.04569362875374671
0.04568709720243133
0.04568056259950461
0.04567402494533103
0.045667484240275155
0.04566094048470152
0.045654393678974635
0.045647843823459086
0.045641290918519435
0.04563473496452011
0.04562817596182574
0.045621613910800864
0.045615048811810034
0.04560848066521778
0.0456019094713886
0.04559533523068707
0.04558875794347774
0.04558217761012511
0.045575594230993756
0.045569007806448215
0.045562418336853046
0.045555825822572775
0.04554923026397194
0.04554263166141508
0.04553603001526671
0.045529425325891416
0.045522817593653724
0.0455162068189182
0.045509593002049306
0.04550297614341168
0.04549635624336977
0.04548973330228823
0.04548310732053149
0.045476478298464185
0.04546984623645078
0.045463211134855824
0.04545657299404389
0.045449931814379556
0.04544328759622725
0.04543664033995162
0.045429990045917155
0.04542333671448843
0.045416680346029935
0.045410020940906265
0.045403358499481926
0.04539669302212147
0.04539002450918945
0.04538335296105039
0.045376678378068844
0.04537000076060937
0.045363320109036445
0.04535663642371711
0.04534994970502811
0.045343259953348744
0.0453365671690582
0.045329871352535696
0.045323172504160535
0.0453164706243119
0.04530976571336898
0.04530305777171111
0.045296346799717446
0.04528963279776722
0.04528291576623975
0.0452761957055142
0.045269472615969766
0.04526274649798577
0.04525601735194138
0.04524928517821587
0.04524254997718848
0.04523581174923841
0.045229070494744866
0.04522232621408716
0.04521557890764445
0.045208828575796015
0.04520207521892111
0.04519531883739887
0.04518855943160865
0.04518179700192961
0.045175031548741015
0.045168263072422075
0.04516149157335197
0.04515471705191007
0.045147939508478264
0.04514115894344955
0.04513437535721976
0.04512758875018453
0.045120799122739676
0.045114006475280966
0.045107210808204096
0.04510041212190488
0.045093610416779006
0.04508680569322228
0.04507999795163035
0.04507318719239908
0.045066373415924225
0.04505955662260152
0.04505273681282694
0.04504591398699653
0.0450390881455063
0.04503225928875225
0.04502542741713046
0.045018592531036836
0.04501175463086752
0.04500491371701845
0.044998069789885665
0.04499122284986519
0.04498437289735304
0.044977519932745236
0.044970663956437805
0.04496380496882671
0.04495694297030805
0.044950077961277785
0.04494320994213198
0.044936338913266635
0.0449294648750797
0.04492258782797709
0.04491570777236671
0.0449088247086563
0.04490193863725378
0.04489504955856703
0.04488815747300387
0.04488126238097214
0.044874364282879706
0.04486746317913445
0.04486055907014418
0.044853651956316756
0.044846741838060075
0.04483982871578193
0.04483291258989022
0.0448259934607928
0.04481907132889751
0.0448121461946122
0.044805218058344747
0.04479828692050292
0.044791352781494924
0.044784415641730045
0.04477747550161776
0.04477053236156755
0.04476358622198901
0.04475663708329145
0.044749684945883314
0.044742729810173
0.04473577167656869
0.04472881054547881
0.044721846417311535
0.04471487929247525
0.04470790917137821
0.044700936054428736
0.044693959942035115
0.04468698083460564
0.0446799987325486
0.04467301363627232
0.044666025546185074
0.04465903446269518
0.044652040386210956
0.04464504331714061
0.04463804325589253
0.044631040202875
0.04462403415849626
0.04461702512316468
0.04461001309728852
0.04460299808127609
0.044595980075535675
0.04458895908047559
0.0445819350965041
0.04457490812402954
0.04456787816346019
0.04456084521520438
0.044553809279670335
0.04454677035726646
0.04453972844840091
0.04453268355348211
0.04452563567291833
0.044518584807117824
0.044511530956488916
0.044504474121439895
0.0444974143023791
0.04449035149971479
0.044483285713855236
0.04447621694520878
0.044469145194183705
0.04446207046118839
0.04445499274663096
0.044447912050919844
0.04444082837446331
0.044433741717669624
0.04442665208094712
0.044419559464704106
0.04441246386934884
0.044405365295289635
0.04439826374293481
0.044391159212692634
0.04438405170497143
0.04437694122017951
0.0443698277587251
0.04436271132101653
0.04435559190746217
0.04434846951847018
0.044341344154449
0.04433421581580685
0.04432708450295204
0.0443199502162929
0.044312812956237645
0.044305672723194654
0.04429852951757219
0.044291383339778556
0.04428423419022206
0.044277082069310976
0.044269926977453654
0.04426276891505833
0.04425560788253332
0.04424844388028696
0.04424127690872746
0.044234106968263236
0.0442269340593025
0.0442197581822536
0.044212579337524774
0.04420539752552435
0.04419821274666064
0.04419102500134194
0.044183834289976534
0.044176640612972724
0.044169443970738825
0.04416224436368313
0.044155041792213905
0.04414783625673947
0.04414062775766809
0.04413341629540812
0.044126201870367865
0.044118984482955585
0.04411176413357956
0.044104540822648135
0.04409731455056954
0.04409008531775214
0.044082853124604256
0.044075617971534066
0.04406837985895002
0.044061138787260284
0.04405389475687324
0.04404664776819714
0.04403939782164029
0.044032144917610996
0.04402488905651757
0.04401763023876867
0.044010368464774435
0.044003103734945426
0.043995836049692164
0.04398856540942516
0.04398129181455496
0.04397401526549211
0.04396673576264711
0.043959453306430536
0.043952167897252876
0.04394487953552464
0.0439375882216564
0.04393029395605867
0.043922996739142045
0.04391569657131695
0.04390839345299398
0.04390108738458364
0.04389377836649646
0.04388646639914301
0.043879151482933774
0.043871833618279316
0.04386451280559012
0.043857189045276766
0.043849862337749755
0.04384253268341962
0.04383520008269691
0.04382786453599214
0.04382052604371584
0.04381318460627854
0.043805840224090814
0.04379849289756311
0.04379114262710602
0.04378378941313007
0.04377643325604576
0.04376907415626362
0.04376171211419424
0.043754347130248075
0.0437469792048357
0.04373960833836765
0.04373223453125441
0.04372485778390656
0.04371747809673462
0.04371009547014907
0.04370270990456053
0.043695321400379475
0.04368792995801644
0.043680535577881915
0.0436731382603865
0.04366573800594074
0.04365833481495511
0.04365092868784011
0.04364351962500637
0.04363610762686429
0.04362869269382456
0.0436212748262976
0.04361385402469395
0.04360643028942418
0.04359900362089878
0.043591574019528324
0.043584141485723316
0.04357670601989427
0.04356926762245173
0.043561826293806255
0.04355438203436834
0.04354693484454852
0.04353948472475734
0.04353203167540532
0.043524575696902996
0.0435171167896609
0.04350965495408951
0.043502190190599456
0.04349472249960121
0.043487251881505345
0.04347977833672235
0.04347230186566319
0.04346482246873868
0.04345734014635981
0.04344985489893748
0.04344236672688256
0.04343487563060597
0.04342738161051866
0.04341988466703146
0.04341238480055537
0.04340488201150122
0.043397376300280024
0.04338986766730257
0.04338235611297986
0.04337484163772276
0.043367324241942166
0.04335980392604909
0.04335228069045434
0.043344754535568845
0.04333722546180352
0.04332969346957502
0.04332215855932229
0.04331462073148755
0.04330707998651249
0.04329953632483874
0.04329198974690785
0.04328444025316156
0.043276887844041496
0.04326933251998924
0.0432617742814465
0.04325421312885483
0.04324664906265598
0.04323908208329149
0.043231512191203046
0.04322393938683233
0.04321636367062088
0.04320878504301043
0.04320120350444252
0.04319361905535887
0.04318603169620111
0.04317844142741088
0.04317084824942978
0.04316325216269947
0.043155653167661547
0.043148051264757695
0.0431404464544296
0.04313283873711886
0.04312522811326705
0.04311761458331594
0.04310999814770704
0.043102378806882016
0.04309475656128259
0.0430871314113503
0.043079503357526854
0.04307187240025386
0.043064238539972974
0.043056601777125794
0.043048962112154
0.04304131954549922
0.043033674077603105
0.04302602570890727
0.04301837443985339
0.043010720270883054
0.0430030632024379
0.04299540323495964
0.04298774036888984
0.04298007460467019
0.042972405942742285
0.042964734383547774
0.042957059927528275
0.04294938257512554
0.042941702326781094
0.04293401918293663
0.04292633314403371
0.04291864421051404
0.04291095238281926
0.042903257661391
0.04289556004667088
0.042887859539100556
0.04288015613912166
0.0428724498471758
0.042864740663704715
0.04285702858914996
0.04284931362395314
0.04284159576855597
0.04283387502340012
0.04282615138892711
0.04281842486557867
0.04281069545379645
0.042802963154021975
0.04279522796669699
0.04278748989226311
0.042779748931161966
0.042772005083835184
0.04276425835072444
0.042756508732271374
0.04274875622891755
0.04274100084110468
0.04273324256927437
0.04272548141386827
0.04271771737532807
0.04270995045409529
0.042702180650611654
0.0426944079653188
0.04268663239865834
0.04267885395107191
0.0426710726230012
0.0426632884148878
0.042655501327173315
0.04264771136029951
0.04263991851470788
0.04263212279084014
0.04262432418913793
0.042616522710042896
0.042608718353996614
0.04260091112144079
0.042593101012817026
0.04258528802856698
0.04257747216913233
0.0425696534349546
0.04256183182647551
0.04255400734413668
0.042546179988379756
0.04253834975964639
0.04253051665837826
0.04252268068501684
0.042514841840003995
0.04250700012378119
0.04249915553679013
0.04249130807947245
0.04248345775226981
0.0424756045556238
0.042467748489976094
0.0424598895557683
0.042452027753442124
0.042444163083439145
0.04243629554620099
0.042428425142169365
0.04242055187178584
0.04241267573549206
0.042404796733729766
0.04239691486694044
0.04238903013556586
0.04238114254004754
0.04237325208082721
0.04236535875834651
0.04235746257304704
0.04234956352537182
0.04234166161576934
0.042333756844689534
0.04232584921258228
0.04231793871989745
0.04231002536708489
0.04230210915459459
0.04229419008287639
0.04228626815238019
0.04227834336355579
0.04227041571685316
0.04226248521272222
0.04225455185161386
0.04224661563398333
0.04223867656028693
0.042230734630981044
0.042222789846521884
0.04221484220736581
0.04220689171396912
0.04219893836678807
0.04219098216627904
0.04218302311289835
0.04217506120710222
0.04216709644934709
0.04215912884008911
0.04215115837978472
0.04214318506889017
0.042135208907861765
0.04212722989715584
0.04211924803722868
0.04211126332853659
0.04210327577153587
0.0420952853666829
0.04208729211443389
0.04207929601524521
0.042071297069573105
0.04206329527787393
0.042055290640603836
0.042047283158219095
0.042039272831175985
0.04203125965993069
0.04202324364493954
0.04201522478665878
0.04200720308554456
0.041999178542053185
0.04199115115664092
0.04198312092976399
0.04197508786187863
0.041967051953441095
0.041959013204907684
0.0419509716167346
0.041942927189378094
0.04193487992329437
0.04192682981893976
0.041918776876770425
0.0419107210972427
0.04190266248081278
0.04189460102793691
0.041886536739071355
0.041878469614672356
0.04187039965519612
0.04186232686109896
0.04185425123283706
0.04184617277086677
0.04183809147564424
0.04183000734762574
0.041821920387267515
0.04181383059502584
0.041805737971356935
0.041797642516717054
0.04178954423156226
0.04178144311634767
0.04177333917152829
0.04176523239755914
0.041757122794895116
0.0417490103639912
0.04174089510530236
0.04173277701928361
0.04172465610638983
0.04171653236707611
0.04170840580179733
0.041700276411008444
0.04169214419516453
0.04168400915472047
0.04167587129013122
0.04166773060185184
0.04165958709033719
0.04165144075604233
0.04164329159942212
0.04163513962093164
0.04162698482102583
0.04161882720015961
0.041610666758787995
0.04160250349736594
0.04159433741634843
0.041586168516190444
0.041577996797346875
0.04156982226027278
0.041561644905423106
0.04155346473325277
0.04154528174421684
0.041537095938770176
0.04152890731736783
0.041520715880464736
0.04151252162851581
0.041504324561976176
0.04149612468130063
0.04148792198694428
0.041479716479361974
0.041471508159008755
0.04146329702633956
0.04145508308180941
0.04144686632587318
0.041438646758985946
0.04143042438160264
0.04142219919417818
0.04141397119716759
0.04140574039102583
0.041397506776207876
0.04138927035316867
0.04138103112236321
0.0413727890842464
0.0413645442392733
0.04135629658789883
0.04134804613057793
0.04133979286776566
0.041331536799916926
0.041323277927486704
0.04131501625092993
0.04130675177070166
0.04129848448725623
0.041290214401045876
0.04128194151252215
0.041273665822136756
0.041265387330341706
0.0412571060375907
0.04124882194433788
0.04124053505103732
0.04123224535814321
0.0412239528661096
0.04121565757539066
0.0412073594864405
0.041199058599713255
0.041190754915662986
0.0411824484347439
0.04117413915741008
0.041165827084115654
0.0411575122153147
0.041149194551461404
0.04114087409300987
0.04113255084041418
0.041124224794128486
0.04111589595460696
0.041107564322303634
0.04109922989768084
0.04109089268123375
0.04108255267346553
0.04107420987487949
0.041065864285978956
0.041057515907267146
0.041049164739247405
0.04104081078242293
0.04103245403729706
0.04102409450437304
0.04101573218415413
0.041007367077143676
0.040998999183844906
0.04099062850476108
0.040982255040395515
0.04097387879125153
0.04096549975783233
0.040957117940641136
0.04094873334018139
0.04094034595695624
0.040931955791469
0.04092356284422298
0.040915167115721414
0.04090676860646757
0.040898367316964786
0.04088996324771631
0.04088155639922541
0.04087314677199537
0.04086473436652944
0.04085631918333093
0.040847901222903105
0.04083948048574927
0.04083105697237267
0.04082263068327662
0.04081420161896436
0.04080576977993919
0.040797335166704335
0.040788897779763154
0.04078045761961888
0.040772014686774785
0.040763568981734166
0.04075512050500031
0.04074666925707644
0.040738215238465915
0.040729758449671936
0.04072129889119783
0.04071283656354682
0.04070437146722228
0.040695903602727394
0.04068743297056548
0.040678959571239834
0.04067048340525369
0.04066200447311033
0.040653522775313096
0.04064503831236516
0.040636551084769906
0.04062806109303054
0.04061956833765039
0.04061107281913266
0.0406025745379807
0.04059407349469777
0.04058556968978715
0.040577063123752095
0.04056855379709588
0.04056004171032182
0.040551526863933145
0.040543009258433176
0.040534488894325156
0.04052596577211239
0.040517439892298154
0.04050891125538569
0.04050037986187835
0.04049184571227931
0.04048330880709195
0.040474769146819634
0.040466226731965704
0.04045768156303354
0.04044913364052663
0.04044058296494829
0.04043202953680195
0.04042347335659094
0.04041491442481871
0.04040635274198862
0.04039778830860406
0.04038922112516847
0.040380651192185174
0.04037207851015757
0.040363503079589094
0.04035492490098312
0.04034634397484303
0.04033776030167222
0.04032917388197407
0.040320584716251974
0.04031199280500934
0.04030339814874952
0.04029480074797595
0.04028620060319202
0.04027759771490104
0.04026899208360652
0.040260383709811776
0.040251772594020234
0.040243158736735236
0.040234542138460234
0.040225922799698596
0.04021730072095368
0.04020867590272892
0.040200048345527706
0.04019141804985337
0.04018278501620936
0.04017414924509908
0.040165510737025845
0.04015686949249316
0.04014822551200429
0.04013957879606272
0.04013092934517181
0.040122277159834935
0.040113622240555494
0.04010496458783691
0.040096304202182506
0.04008764108409575
0.04007897523407996
0.040070306652637964
0.04006163534026977
0.040052961297474855
0.04004428452475274
0.0400356050226028
0.040026922791524505
0.04001823783201734
0.040009550144580734
0.040000859729714094
0.03999216658791699
0.03998347071968875
0.03997477212552891
0.03996607080593686
0.039957366761412115
0.039948659992454054
0.039939950499562185
0.03993123828323595
0.0399225233439748
0.03991380568227816
0.03990508529864553
0.03989636219357631
0.03988763636757001
0.03987890782112606
0.039870176554743855
0.03986144256892292
0.039852705864162674
0.039843966440962594
0.039835224299822114
0.039826479441240646
0.03981773186571775
0.039808981573752796
0.03980022856584523
0.039791472842494555
0.039782714404200184
0.03977395325146151
0.039765189384778125
0.03975642280464943
0.039747653511574846
0.039738881506053814
0.039730106788585816
0.03972132935967033
0.039712549219806735
0.03970376636949454
0.039694980809240665
0.03968619253958202
0.03967740156106298
0.03966860787422792
0.03965981147962125
0.03965101237778734
0.03964221056927055
0.039633406054615294
0.039624598834365955
0.0396157889090669
0.03960697627926254
0.03959816094549723
0.0395893429083154
0.039580522168261356
0.039571698725879546
0.03956287258171434
0.03955404373631013
0.03954521219021128
0.03953637794396215
0.03952754099810718
0.03951870135319075
0.03950985900975718
0.03950101396835092
0.03949216622951637
0.039483315793797845
0.03947446266173978
0.039465606833886537
0.039456748310782476
0.039447887092972055
0.03943902318099957
0.03943015657540947
0.039421287276746146
0.03941241528555391
0.0394035406023772
0.0393946632277604
0.039385783162247855
0.03937690040638401
0.03936801496071324
0.039359126825779855
0.039350236002128315
0.03934134249030299
0.03933244629084824
0.03932354740430849
0.039314645831228054
0.03930574157215139
0.039296834627622845
0.03928792499818683
0.03927901268438768
0.039270097686769825
0.03926118000587763
0.03925225964225548
0.03924333659644779
0.039234410868998884
0.03922548246045321
0.039216551371355074
0.03920761760224892
0.03919868115367915
0.0391897420261901
0.03918080022032616
0.03917185573663175
0.03916290857565122
0.03915395873792894
0.039145006224009356
0.039136051034436806
0.03912709316975564
0.03911813263051034
0.0391091694172452
0.03910020353050467
0.03909123497083309
0.039082263738774846
0.039073289834874333
0.03906431325967598
0.03905533401372409
0.0390463520975631
0.039037367511737364
0.03902838025679126
0.03901939033326928
0.039010397741715656
0.03900140248267482
0.03899240455669121
0.03898340396430917
0.03897440070607306
0.03896539478252734
0.038956386194216326
0.03894737494168444
0.03893836102547598
0.03892934444613549
0.03892032520420722
0.038911303300235595
0.03890227873476501
0.03889325150833985
0.03888422162150447
0.03887518907480332
0.0388661538687807
0.03885711600398104
0.03884807548094872
0.038839032300228116
0.038829986462363617
0.038820937967899635
0.0388118868173805
0.03880283301135064
0.038793776550354424
0.03878471743493623
0.03877565566564045
0.038766591243011454
0.03875752416759364
0.03874845443993139
0.038739382060569115
0.03873030703005114
0.03872122934892132
0.03871214901772123
0.03870306603699183
0.038693980407274106
0.03868489212910905
0.0386758012030377
0.03866670762960097
0.038657611409339904
0.038648512542795485
0.03863941103050862
0.0386303068730204
0.038621200070871754
0.038612090624603655
0.038602978534757186
0.03859386380187311
0.03858474642649192
0.03857562640915394
0.03856650375039953
0.03855737845076902
0.03854825051080279
0.03853911993104108
0.038529986712024296
0.03852085085429278
0.038511712358386865
0.0385025712248469
0.03849342745421318
0.03848428104702607
0.03847513200382591
0.03846598032515305
0.038456826011547804
0.03844766906355053
0.03843850948170157
0.03842934726654124
0.03842018241860991
0.03841101493844787
0.03840184482659542
0.03839267208359266
0.03838349670997954
0.03837431870629606
0.03836513807308223
0.03835595481087799
0.03834676892022341
0.03833758040165842
0.038328389255723044
0.03831919548295727
0.03830999908390114
0.03830080005909455
0.038291598409077594
0.038282394134390184
0.03827318723557238
0.03826397771316411
0.03825476556770541
0.038245550799736266
0.03823633340979674
0.03822711339842671
0.03821789076616622
0.038208665513555264
0.03819943764113384
0.03819020714944196
0.03818097403901957
0.03817173831040668
0.03816249996414335
0.03815325900076948
0.0381440154208251
0.03813476922485019
0.03812552041338479
0.03811626898696888
0.0381070149461424
0.03809775829144545
0.03808849902341789
0.03807923714259983
0.03806997264953118
0.03806070554475197
0.03805143582880222
0.03804216350222187
0.03803288856555096
0.038023611019329495
0.03801433086409741
0.03800504810039473
0.037995762728761436
0.037986474749737556
0.037977184163863066
0.037967890971677944
0.03795859517372219
0.03794929677053583
0.037939995762658815
0.037930692150631155
0.03792138593499287
0.03791207711628393
0.0379027656950443
0.037893451671813995
0.037884135047133054
0.03787481582154142
0.0378654939955791
0.03785616956978611
0.03784684254470243
0.037837512920868024
0.0378281806988229
0.03781884587910709
0.03780950846226056
0.03780016844882327
0.037790825839335275
0.037781480634336534
0.03777213283436707
0.03776278243996685
0.03775342945167586
0.037744073870034124
0.037734715695581594
0.03772535492885835
0.037715991570404256
0.03770662562075942
0.03769725708046381
0.03768788595005736
0.03767851223008013
0.0376691359210721
0.037659757023573256
0.03765037553812359
0.0376409914652631
0.03763160480553175
0.037622215559469575
0.037612823727616575
0.03760342931051273
0.03759403230869802
0.03758463272271242
0.03757523055309599
0.03756582580038866
0.03755641846513046
0.037547008547861395
0.03753759604912142
0.03752818096945058
0.03751876330938878
0.03750934306947613
0.037499920250252526
0.03749049485225886
0.037481066876039186
0.037471636322137944
0.037462203191099476
0.03745276748346807
0.03744332919978806
0.03743388834060376
0.03742444490645955
0.03741499889789971
0.037405550315468584
0.03739609915971047
0.03738664543116967
0.03737718913039056
0.03736773025791745
0.03735826881429465
0.037348804800066485
0.03733933821577728
0.03732986906197136
0.03732039733919306
0.03731092304798667
0.03730144618889654
0.037291966762467016
0.03728248476924236
0.037273000209766954
0.03726351308458508
0.03725402339424107
0.03724453113927929
0.03723503632024399
0.037225538937679575
0.03721603899213032
0.0372065364841405
0.037197031414254525
0.0371875237830167
0.03717801359097132
0.037168500838662716
0.03715898552663522
0.03714946765543315
0.03713994722560085
0.03713042423768262
0.03712089869222279
0.037111370589765665
0.0371018399308556
0.037092306716036895
0.037082770945853896
0.03707323262085092
0.03706369174157223
0.037054148308562275
0.03704460232236528
0.03703505378352557
0.03702550269258753
0.03701594905009539
0.037006392856593254
0.03699683411262158
0.036987272818712516
0.036977708975396165
0.03696814258320253
0.03695857364266182
0.036949002154304016
0.03693942811865923
0.036929851536257524
0.03692027240762901
0.03691069073330379
0.03690110651381186
0.036891519749683375
0.03688193044144837
0.036872338589636976
0.03686274419477921
0.036853147257405225
0.03684354777804504
0.03683394575722877
0.0368243411954865
0.03681473409334826
0.03680512445134421
0.03679551227000412
0.03678589754985689
0.036776280291431145
0.036766660495255475
0.03675703816185852
0.03674741329176888
0.03673778588551525
0.03672815594362633
0.03671852346663093
0.0367088884550578
0.03669925090943576
0.036689610830293574
0.03667996821815999
0.03667032307356381
0.03666067539703383
0.03665102518909879
0.03664137245028749
0.036631717181128905
0.03662205938215277
0.03661239905388882
0.036602736196867096
0.03659307081161739
0.03658340289866967
0.03657373245855373
0.03656405949179948
0.03655438399893679
0.036544705980495584
0.0365350254370057
0.03652534236899708
0.03651565677699951
0.03650596866154297
0.036496278023157275
0.03648658486237235
0.03647688917971807
0.03646719097572431
0.03645749025092095
0.036447787005837826
0.036438081241004915
0.03642837295695203
0.036418662154209115
0.036408948833305955
0.03639923299477254
0.03638951463913866
0.03637979376693428
0.03637007037868922
0.036360344474933394
0.03635061605619666
0.036340885123008926
0.036331151675900064
0.03632141571539995
0.036311677242038466
0.03630193625634553
0.03629219275885095
0.03628244675008469
0.036272698230576564
0.03626294720085649
0.03625319366145433
0.03624343761289977
0.036233679055721134
0.03622391799044675
0.036214154417604706
0.03620438833772319
0.03619461975133043
0.03618484865895462
0.036175075061123906
0.0361652989583665
0.03615552035121058
0.03614573924018433
0.036135955625815945
0.03612616950863361
0.03611638088916539
0.036106589767939075
0.03609679614548226
0.03608700002232259
0.03607720139898773
0.03606740027600528
0.03605759665390296
0.03604779053320834
0.036037981914449096
0.036028170798152875
0.03601835718484745
0.03600854107506057
0.035998722469319976
0.035988901368153546
0.03597907777208891
0.035969251681653935
0.03595942309737641
0.03594959201978403
0.035939758449404585
0.035929922386765886
0.03592008383239565
0.0359102427868217
0.03590039925057179
0.03589055322417367
0.035880704708155124
0.03587085370304395
0.03586100020936786
0.03585114422765467
0.035841285758432186
0.03583142480222807
0.035821561359570195
0.03581169543098631
0.03580182701700415
0.035791956118151495
0.035782082734956124
0.03577220686794586
0.03576232851764839
0.03575244768459155
0.03574256436930329
0.03573267857231256
0.03572279029414846
0.03571289953534017
0.035703006296416775
0.03569311057790748
0.035683212380341334
0.035673311704247576
0.035663408550155255
0.035653502918593566
0.035643594810091626
0.03563368422517854
0.0356237711643835
0.03561385562823562
0.03560393761726403
0.0355940171319979
0.03558409417296632
0.03557416874069847
0.035564240835723425
0.035554310458570396
0.035544377609768536
0.03553444228984687
0.035524504499334635
0.03551456423876091
0.03550462150865485
0.03549467630954565
0.035484728641962365
0.03547477850643414
0.03546482590349018
0.035454870833659564
0.03544491329747145
0.03543495329545494
0.03542499082813924
0.035415025896053436
0.03540505849972668
0.035395088639688106
0.03538511631646688
0.03537514153059206
0.03536516428259287
0.03535518457299842
0.0353452024023378
0.035335217771140244
0.035325230679934795
0.03531524112925064
0.03530524911961693
0.03529525465156276
0.035285257725617296
0.035275258342309636
0.035265256502170876
0.035255252205739676
0.0352452454535566
0.03523523624616226
0.03522522458409723
0.03521521046790212
0.035205193898117465
0.035195174875283966
0.03518515339994206
0.035175129472632384
0.03516510309389558
0.03515507426427218
0.03514504298430278
0.03513500925452796
0.03512497307548835
0.0351149344477245
0.03510489337177694
0.03509484984818638
0.03508480387749333
0.03507475546023834
0.03506470459696213
0.03505465128820513
0.03504459553450801
0.035034537336411355
0.035024476694455756
0.03501441360918175
0.03500434808112997
0.034994280110840936
0.03498420969885535
0.03497413684571374
0.03496406155195664
0.034953983818124694
0.03494390364475847
0.03493382103239861
0.034923735981585595
0.03491364849286007
0.03490355856676264
0.03489346620383323
0.03488337140460937
0.034873274169628
0.0348631744994259
0.034853072394540066
0.034842967855507334
0.03483286088286459
0.0348227514771488
0.034812639638896796
0.03480252536864547
0.034792408666931715
0.034782289534292445
0.03477216797126455
0.03476204397838487
0.03475191755619037
0.0347417887052179
0.034731657426004384
0.03472152371908667
0.03471138758500169
0.03470124902428631
0.03469110803747746
0.03468096462511197
0.034670818787726786
0.034660670525858764
0.03465051984004482
0.03464036673082184
0.03463021119872672
0.034620053244296324
0.03460989286806757
0.03459973007057738
0.03458956485236259
0.03457939721396011
0.03456922715590684
0.03455905467873966
0.03454887978299555
0.034538702469211244
0.034528522737923714
0.034518340589669884
0.03450815602498662
0.0344979690444108
0.03448777964847873
0.03447758783772439
0.034467393612681106
0.03445719697388225
0.03444699792186126
0.034436796457151614
0.03442659258028663
0.03441638629179982
0.034406177592224606
0.03439596648209442
0.03438575296194267
0.03437553703230278
0.03436531869370822
0.0343550979466924
0.03434487479178873
0.03433464922953067
0.03432442126045164
0.03431419088508509
0.034303958103964395
0.034293722917623
0.034283485326594164
0.03427324533141111
0.03426300293260699
0.034252758130715155
0.03424251092626871
0.03423226131980094
0.03422200931184509
0.03421175490293432
0.03420149809360188
0.034191238884381005
0.03418097727580494
0.03417071326840685
0.03416044686272001
0.034150178059277614
0.034139906858612894
0.034129633261259056
0.03411935726774938
0.03410907887861702
0.03409879809439526
0.034088514915617284
0.03407822934281632
0.034067941376525586
0.034057651017278374
0.0340473582656078
0.034037063122047156
0.0340267655871295
0.03401646566138751
0.034006163345353495
0.033995858639560055
0.033985551544539576
0.033975242060824584
0.033964930188947466
0.03395461592944074
0.03394429928283683
0.03393398024966821
0.033923658830467385
0.03391333502576675
0.03390300883609879
0.03389268026199599
0.03388234930399077
0.033872015962615645
0.033861680238403045
0.03385134213188541
0.03384100164359522
0.03383065877406499
0.03382031352382712
0.03380996589341407
0.033799615883358336
0.03378926349419235
0.033778908726448585
0.0337685515806595
0.0337581920573576
0.03374783015707529
0.033737465880345034
0.033727099227699335
0.03371673019967062
0.033706358796791396
0.03369598501959401
0.03368560886861108
0.03367523034437498
0.03366484944741816
0.03365446617827311
0.0336440805374723
0.03363369252554819
0.033623302143033204
0.033612909390459855
0.03360251426836058
0.03359211677726782
0.03358171691771409
0.033571314690231835
0.03356091009535343
0.033550503133611485
0.033540093805538365
0.03352968211166655
0.03351926805252852
0.03350885162865673
0.033498432840583584
0.03348801168884163
0.03347758817396332
0.03346716229648105
0.03345673405692733
0.033446303455834624
0.03343587049373539
0.03342543517116208
0.03341499748864714
0.03340455744672307
0.03339411504592234
0.03338367028677736
0.0333732231698206
0.03336277369558459
0.03335232186460171
0.033341867677404415
0.03333141113452525
0.033320952236496636
0.03331049098385104
0.033300027377120886
0.0332895614168387
0.0332790931035369
0.03326862243774794
0.033258149420004296
0.03324767405083843
0.03323719633078285
0.03322671626036993
0.033216233840132205
0.03320574907060212
0.03319526195231207
0.0331847724857946
0.03317428067158215
0.033163786510207176
0.03315329000220214
0.03314279114809952
0.03313228994843176
0.033121786403731306
0.033111280514530654
0.033100772281362247
0.033090261704758525
0.03307974878525199
0.03306923352337508
0.0330587159196603
0.03304819597464003
0.03303767368884681
0.033027149062813066
0.03301662209707127
0.03300609279215387
0.03299556114859334
0.03298502716692216
0.03297449084767273
0.0329639521913776
0.03295341119856915
0.03294286786977987
0.032932322205542264
0.03292177420638873
0.03291122387285177
0.03290067120546383
0.032890116204757375
0.032879558871264855
0.03286899920551879
0.03285843720805157
0.03284787287939568
0.03283730622008361
0.03282673723064773
0.032816165911620655
0.032805592263534696
0.03279501628692241
0.03278443798231622
0.03277385735024861
0.03276327439125205
0.03275268910585894
0.032742101494601765
0.03273151155801305
0.032720919296625205
0.03271032471097068
0.032699727801581986
0.03268912856899149
0.0326785270137318
0.032667923136332475
0.03265731693731194
0.032646708417185887
0.03263609757646994
0.032625484415679744
0.03261486893533093
0.032604251135939136
0.03259363101802
0.032583008582089165
0.03257238382866229
0.032561756758255525
0.032551127371387274
0.03254049566857651
0.03252986165034213
0.032519225317203054
0.032508586669678284
0.03249794570828674
0.03248730243354727
0.032476656845978745
0.032466008946099925
0.032455358734429667
0.03244470621148669
0.032434051377789715
0.03242339423385765
0.03241273478020919
0.032402073017363184
0.03239140894583836
0.032380742566153524
0.032370073878827496
0.032359402884378975
0.03234872958332683
0.032338053976189794
0.0323273760634867
0.032316695845736286
0.03230601332345734
0.03229532849716865
0.032284641367389
0.03227395193463719
0.032263260199432015
0.032252566162292225
0.03224186982373658
0.032231171184283945
0.03222047024445304
0.032209767004762704
0.03219906146573162
0.032188353627878676
0.032177643491722634
0.03216693105778225
0.0321562163265763
0.03214549929862361
0.032134779974442924
0.03212405835455305
0.03211333443947277
0.03210260822972088
0.03209187972581612
0.03208114892827525
0.03207041583760669
0.03205968045431685
0.03204894277891209
0.03203820281189882
0.032027460553783395
0.03201671600507219
0.03200596916627165
0.031995220037888086
0.03198446862042789
0.03197371491439747
0.0319629589203032
0.031952200638651465
0.031941440069948646
0.03193067721470114
0.03191991207341526
0.03190914464659752
0.03189837493475416
0.031887602938391706
0.03187682865801638
0.0318660520941347
0.03185527324725296
0.031844492117877585
0.03183370870651496
0.031822923013671435
0.03181213503985345
0.03180134478556734
0.031790552251319486
0.03177975743761633
0.03176896034496417
0.03175816097386943
0.0317473593248385
0.03173655539837777
0.031725749194993574
0.031714940715192326
0.03170412995948044
0.031693316928364246
0.03168250162235015
0.03167168404194454
0.03166086418765378
0.03165004205998428
0.031639217659442394
0.03162839098653453
0.031617562041767036
0.031606730825646356
0.03159589733867879
0.031585061581370796
0.0315742235542287
0.03156338325775891
0.03155254069246779
0.031541695858861796
0.031530848757447216
0.03151999938873048
0.03150914775321795
0.03149829385141799
0.031487437683846826
0.03147657925102274
0.031465718553463855
0.03145485559168847
0.03144399036621473
0.03143312287756089
0.031422253126245164
0.03141138111278573
0.03140050683770085
0.03138963030150871
0.031378751504727506
0.0313678704478755
0.031356987131470865
0.03134610155603189
0.03133521372207669
0.031324323630123545
0.03131343128069063
0.03130253667429621
0.03129163981145846
0.03128074069269558
0.031269839318525824
0.031258935689467415
0.031248029806038528
0.031237121668757403
0.03122621127814221
0.03121529863471127
0.031204383738982648
0.031193466591474678
0.03118254719270553
0.031171625543193433
0.03116070164345658
0.031149775494013248
0.031138847095381523
0.031127916448079756
0.031116983552626074
0.031106048409538727
0.031095111019335955
0.03108417138253601
0.031073229499657188
0.031062285371217756
0.031051338997736048
0.031040390379730297
0.03102943951771881
0.03101848641221992
0.031007531063751825
0.03099657347283288
0.030985613639981372
0.030974651565715536
0.030963687250553706
0.03095272069501415
0.03094175189961519
0.030930780864875027
0.030919807591312076
0.030908832079444528
0.030897854329790708
0.030886874342868888
0.030875892119197338
0.03086490765929186
0.030853920963658178
0.03084293203279946
0.030831940867219056
0.0308209474674198
0.030809951833903986
0.030798953967173564
0.030787953867730564
0.030776951536076985
0.030765946972714786
0.03075494017814598
0.030743931152872567
0.030732919897396523
0.03072190641221985
0.03071089069784458
0.03069987275477263
0.030688852583506097
0.03067783018454688
0.030666805558397035
0.03065577870555849
0.0306447496265333
0.03063371832182346
0.030622684791930928
0.030611649037357722
0.030600611058605842
0.030589570856177247
0.030578528430573987
0.030567483782297993
0.030556436911851295
0.030545387819735908
0.030534336506453777
0.030523282972506942
0.030512227218397362
0.030501169244627056
0.030490109051697998
0.030479046640112206
0.030467982010371666
0.030456915162978347
0.03044584609843609
0.03043477481725585
0.030423701319950498
0.03041262560703283
0.030401547679015647
0.030390467536411798
0.03037938517973402
0.03036830060949519
0.030357213826208124
0.030346124830385627
0.030335033622540475
0.030323940203185535
0.030312844572833557
0.030301746731997457
0.03029064668118994
0.0302795444209239
0.0302684399517121
0.03025733327406738
0.030246224388502645
0.030235113295530813
0.03022399999566472
0.030212884489417342
0.030201766777301544
0.030190646859830226
0.030179524737516342
0.03016840041087274
0.030157273880412318
0.030146145146648044
0.03013501421009276
0.030123881071259413
0.030112745730660844
0.030101608188810025
0.030090468446219838
0.03007932650340318
0.030068182360872973
0.030057036019142058
0.03004588747872343
0.030034736740129922
0.03002358380387447
0.03001242867046998
0.030001271340429316
0.029990111814265738
0.02997895009249362
0.029967786175627623
0.02995662006418248
0.029945451758672834
0.02993428125961343
0.029923108567518945
0.029911933682904037
0.02990075660628346
0.02988957733817185
0.029878395879083936
0.029867212229534396
0.02985602639003908
0.029844838361118602
0.02983364814329477
0.029822455737089273
0.029811261143023914
0.029800064361620485
0.02978886539340073
0.029777664238886416
0.02976646089859935
0.029755255373061257
0.02974404766279393
0.029732837768319132
0.02972162569015861
0.029710411428834196
0.029699194984867623
0.029687976358780614
0.029676755551095033
0.029665532562332567
0.02965430739301504
0.029643080043664196
0.02963185051480181
0.02962061880694964
0.029609384920629474
0.029598148856363075
0.029586910614672213
0.029575670196078645
0.029564427601104146
0.029553182830270516
0.02954193588409948
0.029530686763112837
0.029519435467832346
0.029508181998779765
0.029496926356476882
0.02948566854144548
0.029474408554207295
0.029463146395284093
0.029451882065197697
0.029440615564469818
0.02942934689362223
0.029418076053176766
0.029406803043655134
0.029395527865579113
0.029384250519470485
0.029372971005850988
0.029361689325242468
0.029350405478166492
0.02933911946514427
0.029327831286696814
0.02931654094334518
0.029305248435610377
0.029293953764013496
0.029282656929075526
0.02927135793131757
0.029260056771260593
0.0292487534494257
0.029237447966333867
0.029226140322506176
0.029214830518463682
0.029203518554727352
0.02919220443181832
0.029180888150257586
0.02916956971056614
0.029158249113265096
0.02914692635887546
0.02913560144791825
0.029124274380914555
0.029112945158385393
0.029101613780851774
0.02909028024883481
0.029078944562855463
0.02906760672343483
0.029056266731093894
0.029044924586353736
0.029033580289735385
0.029022233841759885
0.02901088524294826
0.028999534493821578
0.028988181594900835
0.028976826546707145
0.028965469349761467
0.028954110004584883
0.028942748511698434
0.02893138487162315
0.028920019084880056
0.028908651151990195
0.028897281073474643
0.0288859088498544
0.028874534481650498
0.02886315796938402
0.028851779313576027
0.028840398514747474
0.028829015573419464
0.028817630490112982
0.028806243265349096
0.028794853899648882
0.028783462393533316
0.028772068747523527
0.02876067296214045
0.02874927503790519
0.02873787497533875
0.02872647277496221
0.028715068437296584
0.028703661962862906
0.02869225335218224
0.02868084260577562
0.028669429724164044
0.028658014707868593
0.028646597557410315
0.02863517827331021
0.028623756856089075
0.028612333306266495
0.028600907624361804
0.028589479810894308
0.02857804986638334
0.028566617791348208
0.02855518358630826
0.028543747251782766
0.02853230878829115
0.02852086819635262
0.02850942547648656
0.02849798062921229
0.028486533655053495
0.028475084554551524
0.028463633328252025
0.028452179976700687
0.028440724500443236
0.028429266900025296
0.02841780717599261
0.028406345328890865
0.028394881359265742
0.0283834152676629
0.02837194705462808
0.02836047672070691
0.028349004266445158
0.028337529692395974
0.02832605299914254
0.02831457418727578
0.028303093257386294
0.02829161021006491
0.02828012504590239
0.02826863776548946
0.028257148369416903
0.02824565685827546
0.028234163232655894
0.028222667493148966
0.02821116964034544
0.028199669674836027
0.028188167597211537
0.028176663408062696
0.028165157107980277
0.02815364869755505
0.028142138177377724
0.028130625548039093
0.028119110810129924
0.02810759396424095
0.028096075010962916
0.02808455395088664
0.02807303078460282
0.02806150551270222
0.028049978135775613
0.028038448654413732
0.028026917069207367
0.02801538338074728
0.02800384758962417
0.027992309696428835
0.027980769701752048
0.027969227606184546
0.02795768341032274
0.027946137114791974
0.02793458872024797
0.02792303822735268
0.02791148563676806
0.027899930949158307
0.027888374165196527
0.02787681528555812
0.02786525431091851
0.027853691241953013
0.027842126079339034
0.027830558823761946
0.0278189894759075
0.02780741803645483
0.027795844506081482
0.027784268885465008
0.027772691175282943
0.027761111376213565
0.02774952948893817
0.02773794551413869
0.02772635945249713
0.027714771304695487
0.0277031810714158
0.027691588753340015
0.02767999435115012
0.027668397865528153
0.02765679929715606
0.027645198646715857
0.027633595914889536
0.027621991102359095
0.02761038420980652
0.02759877523791384
0.02758716418736297
0.027575551058835995
0.027563935853014837
0.027552318570581505
0.027540699212218026
0.027529077778606387
0.027517454270428565
0.027505828688366544
0.027494201033102333
0.02748257130531792
0.027470939505695326
0.027459305634916505
0.027447669693663447
0.027436031682618177
0.027424391602462673
0.027412749453878994
0.027401105237549024
0.027389458954154792
0.027377810604378293
0.02736616018890159
0.027354507708406594
0.027342853163575338
0.02733119655508975
0.027319537883631128
0.027307877149877407
0.02729621435450578
0.027284549498193436
0.027272882581617572
0.02726121360545348
0.027249542570368806
0.027237869477029348
0.027226194326100815
0.027214517118249015
0.027202837854139614
0.02719115653443852
0.027179473159811403
0.027167787730924032
0.027156100248442182
0.02714441071303156
0.02713271912535802
0.02712102548608725
0.027109329795885016
0.027097632055417136
0.02708593226534929
0.027074230426347292
0.027062526539076853
0.027050820604203808
0.02703911262239387
0.02702740259431276
0.02701569052062632
0.027003976402000248
0.02699226023910034
0.026980542032592342
0.026968821783142038
0.026957099491415108
0.026945375158077402
0.02693364878379464
0.026921920369232605
0.02691018991505397
0.026898457421909338
0.026886722890446187
0.026874986321311634
0.02686324771515105
0.026851507072609384
0.02683976439433159
0.02682801968096262
0.026816272933147485
0.026804524151531107
0.026792773336759418
0.026781020489482433
0.026769265610351266
0.026757508700016763
0.026745749759128735
0.026733988788331862
0.026722225788269497
0.026710460759584935
0.026698693702921574
0.026686924618922775
0.026675153508231898
0.026663380371492337
0.02665160520934742
0.026639828022440543
0.02662804881141499
0.02661626757691422
0.026604484319581536
0.02659269904006031
0.026580911738991866
0.026569122417009056
0.02655733107474277
0.026545537712823836
0.026533742331883117
0.026521944932551403
0.026510145515459587
0.02649834408123847
0.026486540630518987
0.02647473516393187
0.026462927682108006
0.02645111818567825
0.026439306675273423
0.026427493151524394
0.02641567761506198
0.02640386006651702
0.026392040506520376
0.02638021893570286
0.026368395354695384
0.02635656976412871
0.026344742164633735
0.02633291255684128
0.026321080941382198
0.026309247318887303
0.026297411689986058
0.0262855740553023
0.026273734415458497
0.02626189277107703
0.02625004912278043
0.02623820347119107
0.026226355816931377
0.026214506160623836
0.026202654502890884
0.026190800844354947
0.026178945185638475
0.02616708752736391
0.02615522787015211
0.02614336621461761
0.026131502561373376
0.02611963691103239
0.026107769264207558
0.02609589962151194
0.026084027983558394
0.026072154350959966
0.026060278724329575
0.02604840110428625
0.026036521491473428
0.026024639886540458
0.0260127562901369
0.02600087070291212
0.025988983125515626
0.025977093558596828
0.025965202002805207
0.025953308458790215
0.025941412927201295
0.02592951540868787
0.025917615903905747
0.025905714413535945
0.025893810938265847
0.02588190547878278
0.025869998035774156
0.025858088609927252
0.02584617720192952
0.025834263812468266
0.02582234844223081
0.025810431091904146
0.025798511762177494
0.025786590453757075
0.025774667167353483
0.025762741903677226
0.02575081466343882
0.025738885447348887
0.025726954256117804
0.025715021090456276
0.02570308595107473
0.025691148838683786
0.025679209753993883
0.025667268697715653
0.025655325670559604
0.02564338067323628
0.025631433706456198
0.02561948477092992
0.025607533867367964
0.025595580996480866
0.025583626158979196
0.025571669355573486
0.025559710586974257
0.025547749853892035
0.025535787157037387
0.02552382249712082
0.025511855874852933
0.02549988729094523
0.02548791674611342
0.0254759442410742
0.02546396977654428
0.025451993353240377
0.025440014971879202
0.025428034633177454
0.025416052337851807
0.025404068086619058
0.025392081880195858
0.025380093719298898
0.025368103604644945
0.02535611153695068
0.02534411751693394
0.025332121545321776
0.02532012362286039
0.025308123750300473
0.025296121928392822
0.02528411815788809
0.025272112439537038
0.025260104774090363
0.02524809516229882
0.025236083604913133
0.025224070102683974
0.025212054656362164
0.025200037266698293
0.025188017934443217
0.025175996660347547
0.025163973445162077
0.02515194828963754
0.025139921194524628
0.025127892160574088
0.025115861188540367
0.02510382827919327
0.025091793433306368
0.025079756651653122
0.02506771793500712
0.025055677284141844
0.02504363469983089
0.025031590182847757
0.025019543733970428
0.025007495353994463
0.02499544504371982
0.02498339280394658
0.024971338635474682
0.024959282539104184
0.024947224515635007
0.024935164565867196
0.024923102690600753
0.02491103889063567
0.024898973166771934
0.024886905519809578
0.024874835950549967
0.024862764459800207
0.024850691048368703
0.02483861571706393
0.02482653846669436
0.024814459298068456
0.024802378211994606
0.02479029520928138
0.02477821029073718
0.02476612345717048
0.024754034709389708
0.024741944048203388
0.024729851474419914
0.02471775698884776
0.024705660592295422
0.024693562285571326
0.024681462069483934
0.024669359944842772
0.024657255912461516
0.024645149973154964
0.02463304212773786
0.024620932377024903
0.02460882072183094
0.024596707162970643
0.024584591701258846
0.024572474337510256
0.02456035507253963
0.024548233907161723
0.024536110842191337
0.024523985878443174
0.02451185901673203
0.02449973025787263
0.024487599602679697
0.024475467051968087
0.024463332606552483
0.024451196267247684
0.024439058034868386
0.02442691791022939
0.02441477589415114
0.024402631987476955
0.02439048619105586
0.02437833850573712
0.024366188932370934
0.024354037471807716
0.02434188412489794
0.02432972889249202
0.02431757177544039
0.0243054127745935
0.024293251890800213
0.024281089124902927
0.024268924477742444
0.024256757950159632
0.024244589542995288
0.024232419257090226
0.024220247093285244
0.02420807305241863
0.02419589713531789
0.024183719342808108
0.024171539675714223
0.02415935813486126
0.024147174721074197
0.024134989435178087
0.02412280227799784
0.024110613250358497
0.024098422353085028
0.024086229587002492
0.024074034952935378
0.024061838451706445
0.024049640084138096
0.024037439851052562
0.024025237753274743
0.024013033791641086
0.024000827966990945
0.02398862028016363
0.023976410731998438
0.023964199323334753
0.02395198605501186
0.02393977092786911
0.0239275539427458
0.023915335100487004
0.023903114401960596
0.02389089184804013
0.023878667439607298
0.02386644117757628
0.023854213062869334
0.023841983096408725
0.023829751279116778
0.023817517611915754
0.023805282095727878
0.023793044731475487
0.023780805520080838
0.02376856446246614
0.02375632155955324
0.023744076812263964
0.023731830221520048
0.023719581788243318
0.023707331513355506
0.02369507939777844
0.0236828254424339
0.023670569648243676
0.02365831201612956
0.023646052547013303
0.02363379124181672
0.023621528101461564
0.02360926312686969
0.023596996318962823
0.023584727678662754
0.023572457206891283
0.023560184904570198
0.023547910772621264
0.023535634811966286
0.023523357023527043
0.02351107740822534
0.02349879596698302
0.02348651270072231
0.023474227610365515
0.023461940696838407
0.02344965196108097
0.02343736140403647
0.02342506902664832
0.023412774829859925
0.02340047881461462
0.023388180981855803
0.023375881332526854
0.02336357986757114
0.023351276587932047
0.023338971494552926
0.023326664588377243
0.023314355870348264
0.02330204534140944
0.023289733002504132
0.023277418854575682
0.02326510289856753
0.023252785135422997
0.0232404655660855
0.02322814419149842
0.023215821012605095
0.023203496030348953
0.023191169245673302
0.023178840659521607
0.02316651027283718
0.0231541780865634
0.02314184410164372
0.02312950831902202
0.023117170739644515
0.02310483136445799
0.023092490194409267
0.02308014723044511
0.02306780247351229
0.0230554559245576
0.02304310758452783
0.023030757454369763
0.0230184055350302
0.023006051827456724
0.022993696332600188
0.022981339051412343
0.022968979984844873
0.02295661913384951
0.022944256499377928
0.022931892082381805
0.022919525883812897
0.02290715790462285
0.02289478814576343
0.022882416608186306
0.022870043292843135
0.022857668200685726
0.02284529133266568
0.022832912689734763
0.022820532272844602
0.022808150082946975
0.02279576612099359
0.02278338038793613
0.022770992884726237
0.02275860361231572
0.022746212571656186
0.022733819763699387
0.022721425189397036
0.02270902884970205
0.022696630745572627
0.022684230877968052
0.022671829247847736
0.022659425856171082
0.022647020703897437
0.0226346137919862
0.022622205121396743
0.022609794693088728
0.02259738250802293
0.0225849685671605
0.022572552871462453
0.022560135421889956
0.022547716219409243
0.022535295265007447
0.022522872559676766
0.022510448104409456
0.022498021900197812
0.022485593948038538
0.02247316424894639
0.02246073280394057
0.022448299614040212
0.0224358646802645
0.022423428003632704
0.022410989585163934
0.02239854942587742
0.022386107526792372
0.022373663888927944
0.02236121851330334
0.02234877140093774
0.022336322552850344
0.022323871970060367
0.022311419653586954
0.022298965604449317
0.022286509823666676
0.022274052312258187
0.022261593071243018
0.022249132101640427
0.022236669404472574
0.022224204980773807
0.022211738831586548
0.022199270957974197
0.02218680136100531
0.02217433004174834
0.022161857001271917
0.022149382240644538
0.022136905760934706
0.022124427563211008
0.022111947648541963
0.02209946601799612
0.022086982672641968
0.022074497613548138
0.022062010841783053
0.02204952235841534
0.022037032164520128
0.022024540261198995
0.022012046649560153
0.021999551330711763
0.02198705430576211
0.021974555575819354
0.02196205514199171
0.021949553005387354
0.021937049167114534
0.021924543628281487
0.02191203638999631
0.021899527453365947
0.02188701681949186
0.02187450448947414
0.021861990464412923
0.021849474745408385
0.02183695733356059
0.02182443822996967
0.02181191743573576
0.02179939495195897
0.02178687077973945
0.021774344920177338
0.021761817374372668
0.02174928814342567
0.021736757228436432
0.02172422463050504
0.021711690350731668
0.02169915439021642
0.02168661675005943
0.021674077431360815
0.021661536435220695
0.021648993762739203
0.02163644941501645
0.02162390339315257
0.021611355698247698
0.02159880633140193
0.021586255293715422
0.021573702586288258
0.02156114821022061
0.021548592166612562
0.02153603445656427
0.021523475081175837
0.0215109140415474
0.021498351338779087
0.021485786973971004
0.021473220948223275
0.021460653262636055
0.021448083918317335
0.021435512916406822
0.02142294025805208
0.02141036594440072
0.02139778997660362
0.021385212355825137
0.021372633083232954
0.021360052159994664
0.021347469587277984
0.021334885366250528
0.02132229949807998
0.02130971198393399
0.021297122824980166
0.021284532022386293
0.02127193957731993
0.02125934549094878
0.02124674976444041
0.021234152398962623
0.0212215533956851
0.02120895275578615
0.02119635048044618
0.02118374657084559
0.021171141028164763
0.021158533853584145
0.021145925048284095
0.021133314613445028
0.021120702550247367
0.021108088859871504
0.021095473543497827
0.02108285660230675
0.02107023803747869
0.021057617850194017
0.021044996041633148
0.021032372612976538
0.0210197475654045
0.021007120900097497
0.020994492618235907
0.020981862721000152
0.020969231209570605
0.020956598085127686
0.020943963348851832
0.02093132700192338
0.020918689045522788
0.020906049480831513
0.020893408309035463
0.02088076553132165
0.020868121148877
0.020855475162888538
0.020842827574543216
0.020830178385028056
0.020817527595530027
0.020804875207236066
0.0207922212213332
0.020779565639008426
0.02076690846144872
0.02075424968984102
0.020741589325372373
0.020728927369231903
0.020716263822617376
0.02070359868672887
0.020690931962766296
0.020678263651929638
0.02066559375541894
0.020652922274434115
0.02064024921017519
0.020627574563842146
0.020614898336634675
0.020602220529751584
0.02058954114439274
0.020576860181762212
0.020564177643064896
0.02055149352950586
0.02053880784229007
0.020526120582622556
0.02051343175170828
0.020500741350752277
0.02048804938095951
0.02047535584353501
0.020462660739683742
0.020449964070610706
0.02043726583752094
0.02042456604161942
0.020411864684110617
0.02039916176619708
0.02038645728908085
0.020373751253963877
0.020361043662048207
0.020348334514535868
0.020335623812628847
0.020322911557529223
0.02031019775043896
0.02029748239256006
0.020284765485094586
0.020272047029244518
0.02025932702621204
0.020246605477199923
0.0202338823834111
0.020221157746048456
0.020208431566314997
0.020195703845413557
0.02018297458454711
0.02017024378491859
0.020157511447730866
0.02014477757418693
0.02013204216548969
0.020119305222842034
0.02010656674744635
0.020093826740502987
0.0200810852032116
0.020068342136771992
0.020055597542383882
0.020042851421247013
0.02003010377456113
0.020017354603525963
0.020004603909341247
0.01999185169320676
0.019979097956323487
0.019966342699897482
0.019953585925136103
0.019940827633246623
0.019928067825436394
0.019915306502912775
0.019902543666883026
0.019889779318554512
0.019877013459134563
0.01986424608983051
0.019851477211849634
0.019838706826399294
0.01982593493468682
0.019813161537919517
0.01980038663730473
0.019787610234049777
0.019774832329362006
0.019762052924448686
0.019749272020517204
0.019736489618774836
0.01972370572042894
0.01971092032668682
0.019698133438755844
0.019685345057843272
0.019672555185156492
0.01965976382190277
0.019646970969289496
0.019634176628523948
0.019621380800813448
0.019608583487365383
0.019595784689386997
0.019582984408085678
0.019570182644669584
0.019557379400350582
0.0195445746763412
0.019531768473854235
0.019518960794102314
0.019506151638298018
0.01949334100765413
0.019480528903383247
0.01946771532669805
0.01945490027881122
0.019442083760935383
0.019429265774283253
0.019416446320067417
0.019403625399500656
0.019390803013795505
0.019377979164164706
0.019365153851820933
0.019352327077976822
0.01933949884384502
0.019326669150638257
0.01931383799956907
0.019301005391849903
0.019288171328693093
0.019275335811311
0.019262498840915996
0.01924966041872036
0.019236820545936895
0.019223979223779847
0.019211136453463902
0.019198292236203698
0.019185446573213905
0.019172599465708942
0.01915975091490222
0.019146900922007
0.01913404948823621
0.0191211966148024
0.019108342302917917
0.01909548655379506
0.0190826293686462
0.0190697707486833
0.019056910695117127
0.01904404920915798
0.01903118629201626
0.019018321944902352
0.019005456169027334
0.01899258896560515
0.018979720335850447
0.018966850280977887
0.018953978802202155
0.018941105900737904
0.018928231577799798
0.018915355834602507
0.01890247867236067
0.018889600092288964
0.018876720095602057
0.01886383868351508
0.018850955857244802
0.018838071618008653
0.018825185967023907
0.018812298905511136
0.01879941043470399
0.01878652055583934
0.018773629270154062
0.018760736578885065
0.0187478424832692
0.01873494698454334
0.018722050083944383
0.01870915178270924
0.018696252082074774
0.018683350983277874
0.01867044848755541
0.018657544596144052
0.018644639310279633
0.018631732631197696
0.018618824560133886
0.018605915098323756
0.018593004247002783
0.018580092007406103
0.018567178380768573
0.018554263368325274
0.01854134697131107
0.01852842919096077
0.018515510028508386
0.018502589485187668
0.018489667562232494
0.018476744260876626
0.01846381958235386
0.018450893527898048
0.018437966098742948
0.0184250372961224
0.018412107121270206
0.018399175575420153
0.01838624265980602
0.0183733083756617
0.01836037272422092
0.01834743570671752
0.018334497324385288
0.018321557578458058
0.01830861647016962
0.018295674000753746
0.018282730171444335
0.018269784983475066
0.01825683843807984
0.018243890536492467
0.01823094127994665
0.018217990669676318
0.018205038706915196
0.018192085392897128
0.018179130728855904
0.018166174716025364
0.018153217355639264
0.018140258648931408
0.018127298597135647
0.018114337201485767
0.01810137446321556
0.01808841038355884
0.018075444963749406
0.01806247820502142
0.018049510108610188
0.018036540675751417
0.0180235699076808
0.01801059780563384
0.01799762437084533
0.01798464960454996
0.01797167350798232
0.017958696082377143
0.017945717328968994
0.01793273724899255
0.017919755843682484
0.01790677311427462
0.017893789062009585
0.017880803688129242
0.017867816993875414
0.01785482898048994
0.017841839649214625
0.017828849001291367
0.01781585703796196
0.01780286376046824
0.017789869170052052
0.01777687326795525
0.01776387605541964
0.01775087753368709
0.0177378777039994
0.017724876567598417
0.017711874125726005
0.017698870379623984
0.017685865330534168
0.017672858979698426
0.017659851328358588
0.017646842377756468
0.017633832129133928
0.017620820583732783
0.017607807742794884
0.01759479360756206
0.017581778179276177
0.017568761459179023
0.01755574344851247
0.017542724148518336
0.017529703560438457
0.017516681685514675
0.017503658524988846
0.01749063408010275
0.017477608352098307
0.017464581342217272
0.01745155305170152
0.017438523481792884
0.0174254926337332
0.017412460508764317
0.017399427108128047
0.01738639243306622
0.01737335648482072
0.017360319264633346
0.017347280773745942
0.017334241013400337
0.017321199984838383
0.017308157689301912
0.01729511412803275
0.01728206930227275
0.01726902321326371
0.017255975862247527
0.017242927250466
0.017229877379160943
0.01721682624957423
0.017203773862947715
0.017190720220523172
0.017177665323542476
0.017164609173247483
0.017151551770879996
0.01713849311768186
0.017125433214894924
0.017112372063760987
0.017099309665521933
0.017086246021419577
0.01707318113269572
0.017060115000592263
0.017047047626351036
0.0170339790112138
0.01702090915642247
0.01700783806321884
0.01699476573284483
0.01698169216654213
0.016968617365552663
0.016955541331118287
0.016942464064480776
0.01692938556688211
0.01691630583956441
0.01690322488377
0.016890142700741042
0.01687705929171989
0.016863974657948748
0.016850888800669903
0.016837801721125582
0.016824713420556674
0.01681162390019831
0.016798533161284244
0.016785441205048206
0.016772348032723993
0.016759253645545317
0.016746158044745933
0.016733061231559612
0.01671996320722004
0.01670686397296103
0.01669376353001633
0.016680661879619616
0.01666755902300685
0.01665445496142234
0.016641349696112504
0.016628243228323885
0.016615135559302985
0.016602026690296152
0.0165889166225499
0.016575805357310732
0.016562692895825112
0.016549579239339494
0.01653646438910035
0.016523348346354147
0.01651023111234735
0.01649711268832644
0.016483993075537877
0.01647087227522813
0.016457750288643644
0.01644462711703094
0.016431502761636463
0.016418377223706666
0.016405250504488034
0.016392122605227058
0.016378993527170163
0.016365863271563807
0.01635273183965449
0.01633959923268868
0.016326465451912874
0.016313330498573503
0.016300194373917033
0.016287057079189926
0.01627391861563871
0.016260778984509817
0.016247638187049652
0.016234496224504773
0.016221353098121616
0.016208208809146644
0.01619506335882636
0.0161819167484072
0.016168768979135634
0.016155620052258124
0.016142469969021144
0.01612931873067117
0.01611616633845473
0.016103012793618147
0.016089858097408042
0.016076702251070805
0.016063545255852924
0.01605038711300083
0.01603722782376103
0.016024067389380014
0.016010905811104193
0.015997743090180063
0.015984579227854113
0.015971414225372765
0.01595824808398257
0.015945080804929915
0.015931912389460342
0.015918742838815485
0.015905572154236026
0.015892400336962667
0.015879227388236074
0.01586605330929694
0.015852878101385946
0.015839701765743775
0.015826524303611093
0.015813345716228628
0.015800166004837017
0.015786985170676962
0.015773803214989168
0.0157606201390143
0.01574743594399303
0.015734250631166034
0.015721064201774028
0.01570787665705768
0.015694687998257684
0.015681498226614708
0.015668307343369443
0.01565511534976255
0.015641922247034774
0.015628728036426724
0.015615532719179133
0.015602336296532656
0.015589138769728015
0.015575940140005861
0.015562740408606886
0.015549539576771765
0.015536337645741194
0.015523134616755854
0.015509930491056421
0.015496725269883585
0.015483518954478014
0.015470311546080433
0.01545710304593148
0.015443893455271883
0.015430682775342276
0.015417471007383386
0.015404258152635849
0.015391044212340402
0.015377829187737701
0.015364613080068437
0.015351395890573282
0.015338177620492915
0.01532495827106806
0.01531173784353934
0.015298516339147493
0.015285293759133173
0.015272070104737063
0.015258845377199862
0.015245619577762234
0.015232392707664888
0.015219164768148488
0.015205935760453721
0.015192705685821276
0.01517947454549184
0.015166242340706083
0.015153009072704697
0.015139774742728391
0.015126539352017774
0.015113302901813622
0.015100065393356529
0.015086826827887265
0.01507358720664647
0.01506034653087478
0.015047104801812978
0.015033862020701677
0.015020618188781608
0.015007373307293412
0.014994127377477783
0.014980880400575396
0.014967632377826985
0.014954383310473182
0.014941133199754682
0.014927882046912186
0.014914629853186359
0.014901376619817873
0.014888122348047445
0.014874867039115752
0.014861610694263446
0.014848353314731251
0.014835094901759835
0.014821835456589865
0.014808574980462041
0.014795313474617043
0.014782050940295563
0.01476878737873827
0.01475552279118583
0.014742257178878991
0.01472899054305838
0.014715722884964698
0.014702454205838655
0.014689184506920866
0.014675913789452062
0.01466264205467295
0.014649369303824164
0.014636095538146408
0.01462282075888038
0.014609544967266743
0.014596268164546176
0.014582990351959368
0.014569711530747032
0.014556431702149828
0.014543150867408422
0.01452986902776352
0.014516586184455779
0.014503302338725963
0.014490017491814652
0.014476731644962588
0.014463444799410446
0.014450156956398862
0.014436868117168421
0.014423578282959652
0.014410287455013143
0.014396995634569401
0.014383702822868974
0.01437040902115239
0.014357114230660216
0.014343818452632984
0.014330521688311242
0.014317223938935508
0.014303925205746368
0.014290625489984325
0.014277324792889933
0.014264023115703756
0.014250720459666303
0.01423741682601814
0.014224112215999797
0.014210806630851846
0.014197500071814785
0.014184192540129191
0.01417088403703557
0.014157574563774518
0.01414426412158652
0.014130952711712165
0.014117640335391968
0.014104326993866491
0.014091012688376281
0.014077697420161829
0.014064381190463732
0.014051064000522556
0.01403774585157875
0.014024426744872916
0.014011106681645614
0.013997785663137354
0.013984463690588696
0.013971140765240154
0.013957816888332291
0.01394449206110567
0.01393116628480083
0.01391783956065826
0.013904511889918569
0.013891183273822253
0.013877853713609877
0.01386452321052198
0.013851191765799116
0.0138378593806818
0.013824526056410581
0.013811191794226059
0.013797856595368679
0.013784520461079058
0.013771183392597678
0.013757845391165167
0.013744506458022006
0.013731166594408747
0.013717825801565935
0.013704484080734117
0.01369114143315382
0.013677797860065588
0.013664453362710013
0.013651107942327571
0.013637761600158832
0.013624414337444352
0.013611066155424687
0.013597717055340304
0.013584367038431824
0.013571016105939774
0.013557664259104653
0.013544311499167046
0.013530957827367502
0.013517603244946517
0.013504247753144698
0.013490891353202514
0.013477534046360573
0.013464175833859384
0.013450816716939502
0.013437456696841437
0.0134240957748058
0.013410733952073076
0.013397371229883815
0.013384007609478587
0.013370643092097886
0.013357277678982322
0.01334391137137238
0.013330544170508628
0.013317176077631625
0.013303807093981865
0.013290437220799924
0.01327706645932635
0.013263694810801654
0.013250322276466426
0.013236948857561166
0.013223574555326465
0.013210199371002793
0.013196823305830751
0.013183446361050847
0.013170068537903677
0.013156689837629715
0.01314331026146957
0.01312992981066372
0.013116548486452757
0.013103166290077189
0.013089783222777592
0.013076399285794498
0.013063014480368423
0.013049628807739928
0.013036242269149565
0.013022854865837869
0.013009466599045397
0.012996077470012664
0.012982687479980229
0.012969296630188629
0.01295590492187844
0.012942512356290122
0.01292911893466431
0.012915724658241472
0.012902329528262226
0.012888933545967075
0.012875536712596525
0.012862139029391184
0.012848740497591557
0.012835341118438206
0.012821940893171646
0.012808539823032457
0.01279513790926114
0.012781735153098257
0.012768331555784352
0.012754927118559993
0.012741521842665662
0.01272811572934197
0.01271470877982942
0.012701300995368543
0.012687892377199934
0.012674482926564078
0.012661072644701557
0.012647661532852886
0.012634249592258635
0.012620836824159315
0.012607423229795474
0.012594008810407708
0.012580593567236491
0.012567177501522402
0.012553760614505966
0.012540342907427733
0.012526924381528241
0.012513505038048068
0.012500084878227727
0.012486663903307736
0.01247324211452866
0.01245981951313106
0.01244639610035547
0.012432971877442422
0.01241954684563244
0.012406121006166095
0.012392694360283927
0.012379266909226498
0.012365838654234311
0.012352409596547926
0.012338979737407885
0.012325549078054727
0.012312117619729002
0.012298685363671262
0.01228525231112202
0.012271818463321855
0.012258383821511279
0.012244948386930835
0.012231512160821096
0.012218075144422599
0.012204637338975845
0.012191198745721415
0.012177759365899845
0.012164319200751648
0.012150878251517408
0.012137436519437664
0.01212399400575294
0.01211055071170379
0.012097106638530752
0.012083661787474375
0.012070216159775188
0.01205676975667375
0.012043322579410586
0.012029874629226254
0.012016425907361293
0.012002976415056248
0.011989526153551637
0.01197607512408804
0.011962623327905979
0.011949170766246
0.011935717440348655
0.011922263351454443
0.011908808500803992
0.011895352889637762
0.011881896519196352
0.01186843939072026
0.011854981505450043
0.011841522864626251
0.01182806346948945
0.011814603321280153
0.01180114242123889
0.011787680770606214
0.011774218370622695
0.011760755222529456
0.011747291327569964
0.011733826686988344
0.011720361302028663
0.011706895173934995
0.011693428303951484
0.011679960693322168
0.011666492343291132
0.011653023255102505
0.011639553430000355
0.01162608286922876
0.011612611574031822
0.011599139545653612
0.011585666785338244
0.011572193294329819
0.011558719073872351
0.011545244125210019
0.01153176844958682
0.011518292048246911
0.011504814922434391
0.011491337073393285
0.011477858502367705
0.011464379210601774
0.01145089919933956
0.011437418469825131
0.011423937023302598
0.011410454861016025
0.011396971984209543
0.011383488394127193
0.011370004092013107
0.01135651907911133
0.011343033356665979
0.01132954692592113
0.011316059788120895
0.011302571944509341
0.011289083396330538
0.011275594144828609
0.011262104191247641
0.011248613536831686
0.011235122182824861
0.011221630130471276
0.01120813738101499
0.011194643935700074
0.011181149795770643
0.011167654962470774
0.011154159437044574
0.011140663220736103
0.011127166314789468
0.011113668720448767
0.011100170438958067
0.011086671471561475
0.011073171819503036
0.0110596714840269
0.011046170466377103
0.011032668767797793
0.011019166389533002
0.011005663332826836
0.0109921595989234
0.010978655189066764
0.010965150104501007
0.010951644346470253
0.010938137916218553
0.01092463081499001
0.010911123044028711
0.01089761460457875
0.01088410549788422
0.010870595725189204
0.010857085287737772
0.01084357418677403
0.010830062423542067
0.010816549999285966
0.01080303691524982
0.010789523172677722
0.010776008772813744
0.010762493716901996
0.010748978006186561
0.01073546164191149
0.010721944625320928
0.010708426957658923
0.010694908640169596
0.010681389674096998
0.01066787006068525
0.010654349801178409
0.010640828896820591
0.010627307348855893
0.010613785158528354
0.01060026232708212
0.010586738855761226
0.010573214745809816
0.010559689998471927
0.010546164614991672
0.010532638596613148
0.0105191119445804
0.010505584660137568
0.010492056744528739
0.010478528198998
0.010464999024789395
0.010451469223147016
0.010437938795315007
0.010424407742537431
0.01041087606605834
0.010397343767121871
0.010383810846972097
0.010370277306853113
0.01035674314800895
0.010343208371683786
0.010329672979121657
0.0103161369715667
0.01030260035026291
0.010289063116454441
0.010275525271385366
0.010261986816299778
0.010248447752441797
0.010234908081055474
0.01022136780338488
0.010207826920674148
0.010194285434167318
0.010180743345108512
0.010167200654741842
0.01015365736431133
0.010140113475061115
0.01012656898823528
0.010113023905077878
0.010099478226833044
0.010085931954744835
0.010072385090057347
0.010058837634014684
0.010045289587860917
0.010031740952840143
0.010018191730196425
0.010004641921173901
0.009991091527016617
0.0099775405489687
0.009963988988274176
0.009950436846177177
0.009936884123921805
0.009923330822752114
0.009909776943912227
0.009896222488646184
0.009882667458198111
0.00986911185381209
0.009855555676732238
0.009841998928202568
0.00982844160946723
0.00981488372177029
0.009801325266355833
0.009787766244467979
0.009774206657350768
0.009760646506248328
0.009747085792404736
0.009733524517064057
0.009719962681470427
0.00970640028686788
0.009692837334500543
0.009679273825612497
0.009665709761447787
0.009652145143250582
0.009638579972264909
0.009625014249734918
0.009611447976904603
0.009597881155018124
0.009584313785319558
0.009570745869052969
0.009557177407462474
0.009543608401792138
0.009530038853286066
0.009516468763188339
0.009502898132743048
0.00948932696319428
0.009475755255786112
0.009462183011762644
0.009448610232367994
0.009435036918846193
0.009421463072441365
0.009407888694397583
0.00939431378595897
0.009380738348369565
0.009367162382873462
0.009353585890714795
0.009340008873137602
0.009326431331386009
0.009312853266704082
0.00929927468033592
0.009285695573525599
0.00927211594751719
0.00925853580355484
0.009244955142882592
0.009231373966744569
0.009217792276384806
0.009204210073047446
0.009190627357976502
0.009177044132416158
0.00916346039761046
0.009149876154803479
0.009136291405239324
0.00912270615016206
0.009109120390815802
0.009095534128444648
0.009081947364292662
0.009068360099603932
0.009054772335622548
0.009041184073592593
0.00902759531475818
0.009014006060363402
0.009000416311652291
0.008986826069868982
0.008973235336257554
0.008959644112062107
0.008946052398526704
0.008932460196895453
0.008918867508412462
0.008905274334321747
0.008891680675867453
0.008878086534293674
0.008864491910844484
0.008850896806763953
0.008837301223296193
0.00882370516168529
0.008810108623175324
0.008796511609010368
0.008782914120434549
0.008769316158691937
0.008755717725026627
0.008742118820682683
0.008728519446904228
0.008714919604935313
0.00870131929602004
0.008687718521402512
0.008674117282326817
0.00866051558003703
0.00864691341577725
0.008633310790791543
0.00861970770632404
0.00860610416361876
0.008592500163919875
0.008578895708471408
0.0085652907985175
0.008551685435302186
0.008538079620069583
0.008524473354063781
0.008510866638528868
0.008497259474708913
0.008483651863848031
0.00847004380719029
0.0084564353059798
0.008442826361460631
0.008429216974876865
0.008415607147472625
0.008401996880491947
0.008388386175178968
0.008374775032777745
0.008361163454532392
0.008347551441686961
0.008333938995485603
0.008320326117172322
0.008306712807991288
0.008293099069186523
0.008279484902002168
0.008265870307682268
0.008252255287470952
0.008238639842612272
0.008225023974350322
0.00821140768392921
0.008197790972593016
0.008184173841585833
0.008170556292151734
0.008156938325534827
0.008143319942979187
0.008129701145728906
0.008116081935028071
0.008102462312120754
0.00808884227825109
0.008075221834663105
0.008061600982600945
0.008047979723308661
0.008034358058030369
0.008020735988010117
0.008007113514492044
0.007993490638720183
0.007979867361938684
0.007966243685391573
0.00795261961032299
0.007938995137977002
0.007925370269597679
0.007911745006429154
0.007898119349715469
0.007884493300700747
0.00787086686062905
0.007857240030744506
0.007843612812291142
0.00782998520651308
0.007816357214654419
0.007802728837959237
0.007789100077671628
0.007775470935035668
0.007761841411295445
0.007748211507695057
0.007734581225478599
0.007720950565890148
0.007707319530173788
0.007693688119573631
0.007680056335333724
0.007666424178698196
0.007652791650911111
0.0076391587532165595
0.00762552548685864
0.007611891853081433
0.007598257853129049
0.007584623488245547
0.007570988759674982
0.007557353668661542
0.007543718216449241
0.007530082404282188
0.007516446233404463
0.007502809705060175
0.007489172820493375
0.007475535580948187
0.007461897987668696
0.007448260041898967
0.007434621744883112
0.007420983097865197
0.007407344102089335
0.007393704758799594
0.007380065069240071
0.007366425034654851
0.0073527846562880484
0.007339143935383691
0.007325502873185927
0.007311861470938839
0.007298219729886478
0.0072845776512729474
0.00727093523634236
0.007257292486338778
0.007243649402506291
0.007230005986088994
0.007216362238330964
0.007202718160476306
0.00718907375376912
0.00717542901945347
0.007161783958773439
0.007148138572973129
0.007134492863296665
0.007120846830988038
0.007107200477291423
0.007093553803450897
0.007079906810710514
0.007066259500314375
0.0070526118735065825
0.007038963931531212
0.0070253156756323685
0.0070116671070541035
0.006998018227040561
0.006984369036835777
0.006970719537683877
0.006957069730828912
0.006943419617515016
0.006929769198986239
0.006916118476486684
0.006902467451260438
0.006888816124551589
0.006875164497604243
0.006861512571662454
0.00684786034797033
0.006834207827771971
0.006820555012311442
0.006806901902832818
0.00679324850058025
0.006779594806797769
0.006765940822729488
0.006752286549619481
0.006738631988711842
0.006724977141250667
0.006711322008480048
0.006697666591644048
0.006684010891986776
0.0066703549107523154
0.006656698649184765
0.00664304210852819
0.006629385290026717
0.006615728194924375
0.006602070824465308
0.00658841317989357
0.006574755262453268
0.006561097073388496
0.00654743861394332
0.006533779885361831
0.006520120888888147
0.006506461625766315
0.006492802097240457
0.006479142304554643
0.006465482248952959
0.006451821931679516
0.006438161353978366
0.006424500517093635
0.006410839422269404
0.006397178070749725
0.006383516463778725
0.006369854602600496
0.006356192488459077
0.0063425301225986325
0.006328867506263155
0.006315204640696846
0.006301541527143675
0.006287878166847831
0.006274214561053351
0.0062605507110043415
0.006246886617944862
0.006233222283119048
0.00621955770777094
0.006205892893144653
0.006192227840484271
0.006178562551033875
0.006164897026037584
0.006151231266739435
0.006137565274383555
0.006123899050214047
0.00611023259547492
0.006096565911410349
0.006082898999264389
0.006069231860281104
0.006055564495704642
0.006041896906779029
0.006028229094748387
0.006014561060856807
0.006000892806348358
0.005987224332467133
0.005973555640457245
0.005959886731562748
0.00594621760702776
0.005932548268096344
0.0059188787160126015
0.005905208952020614
0.005891538977364465
0.005877868793288291
0.005864198401036099
0.0058505278018520426
0.00583685699698019
0.005823185987664611
0.005809514775149413
0.0057958433606786815
0.00578217174549651
0.005768499930846973
0.005754827917974218
0.005741155708122224
0.00572748330253514
0.00571381070245706
0.0057001379091320675
0.0056864649238042644
0.005672791747717697
0.005659118382116498
0.005645444828244748
0.005631771087346508
0.0056180971606658745
0.005604423049446956
0.005590748754933821
0.005577074278370569
0.005563399621001286
0.005549724784070069
0.005536049768821004
0.005522374576498129
0.005508699208345629
0.005495023665607506
0.005481347949527895
0.005467672061350855
0.005453996002320517
0.005440319773680909
0.005426643376676203
0.005412966812550384
0.0053992900825476165
0.005385613187911972
0.005371936129887515
0.005358258909718348
0.005344581528648606
0.0053309039879222905
0.0053172262887835565
0.005303548432476441
0.005289870420245103
0.005276192253333549
0.005262513932985928
0.00524883546044631
0.005235156836958767
0.005221478063767417
0.00520779914211632
0.005194120073249574
0.005180440858411279
0.005166761498845516
0.005153081995796372
0.005139402350507932
0.0051257225642242915
0.00511204263818954
0.00509836257364774
0.0050846823718430105
0.005071002034019419
0.005057321561421082
0.005043640955292069
0.00502996021687647
0.005016279347418366
0.005002598348161868
0.0049889172203510315
0.004975235965229986
0.004961554584042757
0.004947873078033507
0.004934191448446294
0.004920509696525167
0.0049068278235142775
0.004893145830657667
0.004879463719199468
0.004865781490383723
0.004852099145454541
0.004838416685656003
0.004824734112232225
0.004811051426427267
0.004797368629485203
0.004783685722650172
0.004770002707166235
0.004756319584277464
0.004742636355227962
0.004728953021261834
0.004715269583623127
0.004701586043555991
0.004687902402304439
0.004674218661112612
0.004660534821224581
0.004646850883884434
0.004633166850336278
0.004619482721824182
0.004605798499592253
0.00459211418488455
0.004578429778945193
0.004564745283018222
0.0045510606983477616
0.00453737602617792
0.004523691267752734
0.004510006424316344
0.004496321497112818
0.00448263648738621
0.0044689513963806615
0.0044552662253402415
0.004441580975509012
0.004427895648131099
0.004414210244450583
0.004400524765711535
0.004386839213158051
0.0043731535880342344
0.004359467891584148
0.004345782125051883
0.004332096289681565
0.004318410386717237
0.004304724417403019
0.004291038382982977
0.00427735228470121
0.004263666123801816
0.004249979901528863
0.004236293619126447
0.0042226072778386355
0.004208920878909586
0.004195234423583299
0.004181547913103921
0.0041678613487155175
0.004154174731662182
0.004140488063188008
0.004126801344537078
0.004113114576953487
0.004099427761681325
0.004085740899964648
0.004072053993047592
0.0040583670421742235
0.004044680048588623
0.0040309930135348886
0.0040173059382571
0.00400361882399934
0.003989931672005735
0.003976244483520319
0.003962557259787247
0.0039488700020505335
0.003935182711554323
0.0039214953895426695
0.003907808037259678
0.0038941206559494337
0.0038804332468560343
0.0038667458112235696
0.003853058350296082
0.003839370865317719
0.003825683357532548
0.0038119958281846314
0.003798308278518085
0.003784620709777003
0.0037709331232054525
0.0037572455200475773
0.003743557901547367
0.003729870268949004
0.003716182623496491
0.0037024949664340163
0.0036888072990055604
0.0036751196224553122
0.00366143193802729
0.003647744246965596
0.003634056550514342
0.003620368849917594
0.0036066811464194617
0.003592993441264006
0.0035793057356953376
0.0035656180309575273
0.003551930328294687
0.0035382426289508953
0.003524554934170229
0.003510867245196782
0.0034971795632746257
0.003483491889647908
0.0034698042255606287
0.003456116572256961
0.003442428930980945
0.0034287413029766636
0.0034150536894882524
0.0034013660917597585
0.0033876785110352765
0.003373990948558892
0.003360303405574719
0.00334661588332681
0.003332928383059261
0.0033192409060161907
0.00330555345344167
0.0032918660265797597
0.003278178626674598
0.0032644912549702493
0.003250803912710776
0.003237116601140311
0.003223429321502895
0.0032097420750426798
0.003196054863003711
0.0031823676866300655
0.0031686805471658613
0.0031549934458551796
0.0031413063839420873
0.0031276193626706998
0.0031139323832851027
0.003100245447029375
0.0030865585551476007
0.0030728717088838783
0.0030591849094822867
0.0030454981581869225
0.003031811456241863
0.003018124804891224
0.003004438205379059
0.00299075165894949
0.002977065166846593
0.002963378730314425
0.0029496923505971068
0.0029360060289387335
0.0029223197665833697
0.0029086335647751215
0.0028949474247580544
0.0028812613477762856
0.0028675753350738934
0.0028538893878949597
0.0028402035074835807
0.0028265176950838275
0.0028128319519398074
0.002799146279295602
0.0027854606783953243
0.002771775150483011
0.00275808969680278
0.0027444043185987158
0.002730719017114907
0.002717033793595454
0.002703348649284438
0.0026896635854259383
0.0026759786032640475
0.002662293704042851
0.0026486088890064433
0.0026349241593989258
0.002621239516464365
0.0026075549614468616
0.0025938704955904782
0.0025801861201393407
0.002566501836337515
0.0025528176454291066
0.0025391335486581795
0.0025254495472688296
0.002511765642505161
0.0024980818356112474
0.002484398127831194
0.002470714520409038
0.002457031014588956
0.0024433476116149547
0.0024296643127311736
0.0024159811191816587
0.002402298032210537
0.0023886150530618724
0.0023749321829797834
0.0023612494232083175
0.0023475667749915923
0.0023338842395736704
0.0023202018181986564
0.0023065195121106546
0.0022928373225537357
0.0022791552507719845
0.0022654732980094965
0.002251791465510365
0.0022381097545186466
0.002224428166278473
0.0022107467020338945
0.0021970653630290584
0.002183384150507986
0.002169703065714792
0.0021560221098935743
0.002142341284288408
0.002128660590143397
0.0021149800287025952
0.0021012996012101477
0.002087619308910088
0.0020739391530465254
0.0020602591348635652
0.002046579255605261
0.0020328995165157233
0.0020192199188390353
0.002005540463819289
0.0019918611527005863
0.0019781819867269864
0.0019645029671425856
0.0019508240951915004
0.0019371453721177773
0.0019234667991655339
0.0019097883775788258
0.001896110108601812
0.0018824319934784733
0.0018687540334530097
0.0018550762297694318
0.0018413985836718515
0.0018277210964043687
0.0018140437692110494
0.001800366603336014
0.0017866896000233257
0.0017730127605170669
0.0017593360860613482
0.0017456595779002477
0.0017319832372778596
0.0017183070654382601
0.0017046310636255353
0.001690955233083804
0.001677279575057113
0.0016636040907895841
0.0016499287815252858
0.0016362536485083142
0.0016225786929827644
0.0016089039161926986
0.0015952293193822445
0.0015815549037954408
0.0015678806706764207
0.0015542066212692618
0.0015405327568180386
0.0015268590785668455
0.0015131855877597758
0.0014995122856409232
0.0014858391734543473
0.0014721662524441758
0.0014584935238544834
0.0014448209889293242
0.001431148648912838
0.0014174765050490926
0.0014038045585821524
0.001390132810756143
0.0013764612628151492
0.0013627899160032365
0.00134911877156449
0.0013354478307430336
0.0013217770947829284
0.0013081065649282637
0.0012944362424231462
0.0012807661285116384
0.0012670962244378543
0.0012534265314458537
0.0012397570507797445
0.0012260877836836155
0.0012124187314015455
0.0011987498951776204
0.0011850812762559501
0.0011714128758805971
0.0011577446952956885
0.0011440767357452566
0.0011304089984734307
0.0011167414847242892
0.0011030741957419093
0.0010894071327704129
0.001075740297053839
0.001062073689836289
0.0010484073123618915
0.0010347411658746949
0.0010210752516188089
0.0010074095708383
0.000993744124777287
0.0009800789146798307
0.0009664139417900207
0.0009527492073519484
0.0009390847126097274
0.0009254204588074159
0.0009117564471891287
0.0008980926789989085
0.0008844291554808904
0.0008707658778791332
0.0008571028474377424
0.0008434400654008256
0.0008297775330124056
0.0008161152515166432
0.0008024532221575838
0.0007887914461793184
0.0007751299248259591
0.0007614686593415583
0.0007478076509702668
0.0007341469009560979
0.0007204864105431622
0.0007068261809755874
0.0006931662134974407
0.0006795065093527911
0.0006658470697857282
0.0006521878960403578
0.0006385289893607757
0.0006248703509910288
0.0006112119821752676
0.0005975538841575278
0.0005838960581819194
0.0005702385054925193
0.000556581227333424
0.000542924224948751
0.000529267499582526
0.0005156110524788948
0.0005019548848819032
0.0004882989980356688
0.00047464339318427584
0.000460988071571806
0.0004473330344423235
0.00043367828303996896
0.0004200238186087856
0.0004063696423928909
0.0003927157556361587
0.0003790621595816953
0.0003654088554724295
0.0003517558445512551
0.000338103128061075
0.00032445070724482103
0.00031079858334539856
0.0002971467576056964
0.00028349523126865476
0.0002698440055771608
0.0002561930817741179
0.00024254246110246743
0.00022889214480509737
0.00021524213412492578
0.00020159243030486127
0.0001879430345877884
0.00017429394821668077
0.00016064517243436386
0.00014699670848380378
0.0001333485576079058
0.00011970072104956638
0.00010605320005172465
9.240599585724937e-05
7.875910970907789e-05
6.511254285009129e-05
5.1466296523246276e-05
3.7820371971401e-05
2.4174770437508525e-05
1.05294931644526e-05
-3.1154586048597688e-06
-1.676008362749227e-05
-3.040438066055303e-05
-4.4048348461119134e-05
-5.7691985786330306e-05
-7.133529139318822e-05
-8.497826403887557e-05
-9.862090248040504e-05
-0.00011226320547492552
-0.00012590517177947386
-0.00013954680015118478
-0.00015318808934714292
-0.00016682903812441791
-0.00018046964524010386
-0.00019410990945129287
-0.00020774982951507107
-0.00022138940418854795
-0.0002350286322288025
-0.00024866751239293325
-0.00026230604343800126
-0.00027594422412112273
-0.0002895820531993779
-0.0003032195294298571
-0.000316856651569661
-0.0003304934183758566
-0.0003441298286055723
-0.00035776588101584775
-0.0003714015743638282
-0.0003850369074065448
-0.00039867187890114096
-0.00041230648760465243
-0.00042594073227424046
-0.00043957461166692813
-0.00045320812453983523
-0.00046684126965008477
-0.0004804740457546873
-0.0004941064516107829
-0.0005077384859754582
-0.0005213701476058132
-0.0005350014352589009
-0.0005486323476918673
-0.000562262883661755
-0.0005758930419256671
-0.000589522821240704
-0.0006031522203639291
-0.0006167812380524698
-0.000630409873063392
-0.0006440381241537927
-0.000657665990080747
-0.000671293469601366
-0.0006849205614727416
-0.0006985472644519449
-0.0007121735772960879
-0.0007257994987622156
-0.000739425027607488
-0.0007530501625889449
-0.0007666749024636854
-0.0007802992459888132
-0.0007939231919213754
-0.0008075467390185395
-0.0008211698860373421
-0.0008347926317348626
-0.000848414974868222
-0.0008620369141944854
-0.0008756584484707745
-0.0008892795764541475
-0.0009029002969017132
-0.0009165206085705529
-0.0009301405102177655
-0.0009437600006004393
-0.0009573790784756422
-0.0009709977426005115
-0.0009846159917320885
-0.0009982338246274892
-0.0010118512400438058
-0.0010254682367381081
-0.0010390848134675017
-0.0010527009689890662
-0.0010663167020599077
-0.0010799320114371048
-0.0010935468958777317
-0.001107161354138925
-0.00112077538497774
-0.0011343889871512551
-0.0011480021594166003
-0.001161614900530844
-0.0011752272092510428
-0.0011888390843343523
-0.0012024505245378243
-0.0012160615286185635
-0.0012296720953336253
-0.0012432822234401534
-0.0012568919116951911
-0.001270501158855858
-0.001284109963679204
-0.0012977183249223742
-0.0013113262413424285
-0.0013249337116964751
-0.001338540734741562
-0.001352147309234837
-0.0013657534339333356
-0.0013793591075941724
-0.0013929643289744738
-0.0014065690968312547
-0.001420173409921656
-0.0014337772670027717
-0.001447380666831643
-0.001460983608165421
-0.001474586089761153
-0.0014881881103759405
-0.0015017896687668931
-0.0015153907636911014
-0.0015289913939055876
-0.0015425915581675335
-0.0015561912552339843
-0.0015697904838620107
-0.0015833892428087513
-0.001596987530831244
-0.0016105853466866218
-0.0016241826891319657
-0.001637779556924344
-0.0016513759488208535
-0.0016649718635786258
-0.0016785672999546988
-0.0016921622567061837
-0.001705756732590163
-0.0017193507263637282
-0.001732944236783982
-0.0017465372626080055
-0.0017601298025928754
-0.0017737218554957086
-0.0017873134200735643
-0.0018009044950835639
-0.001814495079282783
-0.0018280851714283233
-0.00184167477027723
-0.0018552638745866598
-0.0018688524831136427
-0.0018824405946153186
-0.0018960282078487383
-0.001909615321571006
-0.0019232019345392063
-0.0019367880455104583
-0.0019503736532418166
-0.0019639587564903908
-0.0019775433540132593
-0.0019911274445675287
-0.002004711026910264
-0.0020182940997985842
-0.0020318766619895528
-0.0020454587122402785
-0.0020590402493078364
-0.002072621271949328
-0.0020862017789218417
-0.002099781768982454
-0.0021133612408882844
-0.0021269401933963926
-0.0021405186252638816
-0.0021540965352478407
-0.002167673922105369
-0.0021812507845935503
-0.0021948271214694676
-0.0022084029314901996
-0.00222197821341286
-0.002235552965994527
-0.002249127187992317
-0.0022627008781632768
-0.0022762740352645157
-0.002289846658053137
-0.002303418745286215
-0.002316990295720837
-0.0023305613081141055
-0.002344131781223104
-0.0023577017138049204
-0.0023712711046166646
-0.0023848399524153806
-0.0023984082559582076
-0.0024119760140021993
-0.00242554322530448
-0.002439109888622111
-0.0024526760027121955
-0.002466241566331812
-0.0024798065782380757
-0.002493371037188041
-0.0025069349419388366
-0.002520498291247524
-0.002534061083871195
-0.0025476233185669685
-0.0025611849940918967
-0.0025747461092031
-0.002588306662657632
-0.0026018666532126086
-0.0026154260796251313
-0.0026289849406522766
-0.002642543235051125
-0.0026561009615787613
-0.0026696581189923027
-0.0026832147060488368
-0.0026967707215054103
-0.002710326164119177
-0.002723881032647191
-0.0027374353258465406
-0.002750989042474323
-0.0027645421812876113
-0.002778094741043528
-0.0027916467204991495
-0.002805198118411544
-0.002818748933537823
-0.002832299164635078
-0.002845848810460407
-0.0028593978697708826
-0.00287294634132361
-0.0028864942238756453
-0.0029000415161841266
-0.0029135882170060953
-0.00292713432509867
-0.002940679839218934
-0.0029542247581239942
-0.0029677690805709265
-0.002981312805316817
-0.0029948559311187544
-0.0030083984567338506
-0.003021940380919155
-0.0030354817024317903
-0.003049022420028838
-0.0030625625324673944
-0.003076102038504548
-0.003089640936897363
-0.0031031792264029578
-0.003116716905778424
-0.0031302539737808207
-0.003143790429167279
-0.003157326270694866
-0.0031708614971206897
-0.003184396107201802
-0.0031979300996953304
-0.0032114634733583403
-0.0032249962269479495
-0.003238528359221212
-0.0032520598689352504
-0.00326559075484715
-0.0032791210157139647
-0.00329265065029283
-0.003306179657340817
-0.0033197080356150033
-0.0033332357838725232
-0.003346762900870412
-0.0033602893853657803
-0.003373815236115723
-0.0033873404518773337
-0.003400865031407696
-0.003414388973463911
-0.003427912276803046
-0.003441434940182215
-0.0034549569623584927
-0.003468478342088964
-0.003481999078130739
-0.003495519169240887
-0.0035090386141765264
-0.0035225574116947173
-0.0035360755605525623
-0.0035495930595071537
-0.0035631099073155635
-0.003576626102734905
-0.003590141644522273
-0.003603656531434712
-0.0036171707622293806
-0.003630684335663324
-0.0036441972504936276
-0.003657709505477425
-0.003671221099371735
-0.003684732030933716
-0.003698242298920405
-0.0037117519020889445
-0.003725260839196375
-0.003738769108999822
-0.003752276710256356
-0.003765783641723095
-0.003779289902157088
-0.0037927954903154257
-0.0038063004049552615
-0.003819804644833619
-0.0038333082087075917
-0.003846811095334304
-0.0038603133034708424
-0.003873814831874288
-0.003887315679301702
-0.0039008158445102093
-0.003914315326256911
-0.003927814123298848
-0.0039413122343931635
-0.003954809658296908
-0.003968306393767168
-0.0039818024395611015
-0.003995297794435705
-0.004008792457148129
-0.004022286426455446
-0.004035779701114759
-0.004049272279883131
-0.004062764161517674
-0.00407625534477546
-0.004089745828413606
-0.004103235611189153
-0.004116724691859274
-0.0041302130691809776
-0.004143700741911406
-0.004157187708807602
-0.004170673968626707
-0.004184159520125778
-0.004197644362061918
-0.004211128493192195
-0.0042246119122737215
-0.0042380946180636
-0.004251576609318899
-0.0042650578847966926
-0.004278538443254122
-0.004292018283448213
-0.004305497404136129
-0.004318975804074893
-0.004332453482021618
-0.004345930436733409
-0.00435940666696734
-0.004372882171480507
-0.004386356949030001
-0.004399830998372913
-0.004413304318266312
-0.004426776907467321
-0.0044402487647330156
-0.004453719888820478
-0.0044671902784868215
-0.0044806599324890934
-0.0044941288495844315
-0.004507597028529918
-0.004521064468082585
-0.004534531166999603
-0.004547997124038022
-0.0045614623379549345
-0.004574926807507421
-0.004588390531452604
-0.004601853508547537
-0.0046153157375493255
-0.004628777217215051
-0.00464223794630183
-0.004655697923566727
-0.004669157147766829
-0.004682615617659265
-0.004696073332001073
-0.004709530289549379
-0.0047229864890612604
-0.004736441929293786
-0.004749896609004096
-0.004763350526949234
-0.00477680368188632
-0.004790256072572421
-0.00480370769776464
-0.004817158556220062
-0.004830608646695793
-0.004844057967948902
-0.004857506518736482
-0.00487095429781563
-0.004884401303943425
-0.004897847535876993
-0.00491129299237338
-0.00492473767218972
-0.0049381815740830465
-0.0049516246968104695
-0.004965067039129098
-0.004978508599796028
-0.004991949377568327
-0.005005389371203083
-0.005018828579457402
-0.00503226700108837
-0.00504570463485306
-0.005059141479508604
-0.005072577533812047
-0.005086012796520496
-0.005099447266391037
-0.005112880942180773
-0.0051263138226467905
-0.005139745906546159
-0.005153177192636004
-0.005166607679673379
-0.005180037366415391
-0.0051934662516191395
-0.0052068943340417145
-0.005220321612440168
-0.005233748085571638
-0.005247173752193179
-0.005260598611061908
-0.005274022660934914
-0.0052874459005692685
-0.005300868328722051
-0.005314289944150404
-0.0053277107456113585
-0.005341130731862045
-0.005354549901659525
-0.005367968253760916
-0.0053813857869232885
-0.005394802499903737
-0.005408218391459351
-0.005421633460347233
-0.005435047705324437
-0.00544846112514811
-0.005461873718575295
-0.005475285484363101
-0.005488696421268612
-0.005502106528048912
-0.005515515803461117
-0.005528924246262288
-0.005542331855209517
-0.005555738629059912
-0.005569144566570553
-0.005582549666498547
-0.005595953927600943
-0.005609357348634883
-0.00562275992835741
-0.005636161665525648
-0.0056495625588966715
-0.005662962607227564
-0.005676361809275432
-0.005689760163797365
-0.005703157669550437
-0.005716554325291731
-0.00572995012977838
-0.005743345081767433
-0.005756739180015988
-0.005770132423281157
-0.0057835248103200055
-0.005796916339889645
-0.0058103070107471235
-0.005823696821649584
-0.005837085771354096
-0.005850473858617724
-0.005863861082197593
-0.005877247440850785
-0.0058906329333343775
-0.005904017558405463
-0.005917401314821151
-0.0059307842013385115
-0.005944166216714632
-0.005957547359706629
-0.00597092762907156
-0.005984307023566529
-0.005997685541948641
-0.006011063182974956
-0.006024439945402578
-0.006037815827988604
-0.006051190829490119
-0.006064564948664225
-0.006077938184267988
-0.006091310535058505
-0.006104681999792871
-0.0061180525772281825
-0.0061314222661215155
-0.006144791065229972
-0.006158158973310647
-0.006171525989120602
-0.006184892111416969
-0.006198257338956798
-0.0062116216704971895
-0.006224985104795259
-0.006238347640608076
-0.0062517092766927115
-0.006265070011806285
-0.006278429844705886
-0.006291788774148603
-0.006305146798891482
-0.006318503917691697
-0.006331860129306267
-0.006345215432492312
-0.006358569826006917
-0.006371923308607172
-0.006385275879050139
-0.006398627536092985
-0.006411978278492721
-0.0064253281050064585
-0.006438677014391301
-0.006452025005404347
-0.006465372076802666
-0.0064787182273433426
-0.00649206345578349
-0.006505407760880198
-0.006518751141390532
-0.006532093596071588
-0.006545435123680481
-0.006558775722974273
-0.006572115392710061
-0.0065854541316449425
-0.006598791938536006
-0.006612128812140342
-0.006625464751215028
-0.006638799754517164
-0.006652133820803846
-0.006665466948832173
-0.006678799137359195
-0.006692130385142055
-0.006705460690937777
-0.006718790053503518
-0.006732118471596317
-0.006745445943973323
-0.0067587724693915505
-0.006772098046608152
-0.006785422674380176
-0.006798746351464736
-0.006812069076618928
-0.006825390848599816
-0.006838711666164514
-0.006852031528070094
-0.006865350433073662
-0.006878668379932295
-0.006891985367403104
-0.006905301394243147
-0.006918616459209536
-0.006931930561059351
-0.006945243698549686
-0.006958555870437638
-0.006971867075480283
-0.0069851773124347235
-0.006998486580058049
-0.007011794877107324
-0.007025102202339689
-0.007038408554512187
-0.007051713932381923
-0.00706501833470601
-0.007078321760241495
-0.007091624207745515
-0.00710492567597511
-0.007118226163687409
-0.007131525669639497
-0.007144824192588442
-0.007158121731291354
-0.00717141828450529
-0.007184713850987402
-0.007198008429494756
-0.007211302018784383
-0.007224594617613459
-0.007237886224739017
-0.007251176838918178
-0.007264466458908031
-0.007277755083465647
-0.007291042711348115
-0.007304329341312537
-0.007317614972116011
-0.007330899602515597
-0.007344183231268413
-0.007357465857131539
-0.007370747478862077
-0.007384028095217095
-0.0073973077049537
-0.00741058630682897
-0.007423863899600005
-0.007437140482023894
-0.007450416052857731
-0.007463690610858571
-0.007476964154783582
-0.007490236683389791
-0.007503508195434258
-0.007516778689674141
-0.0075300481648665225
-0.007543316619768458
-0.0075565840531370745
-0.007569850463729435
-0.007583115850302625
-0.007596380211613768
-0.007609643546419901
-0.007622905853478158
-0.007636167131545634
-0.007649427379379389
-0.007662686595736533
-0.0076759447793741525
-0.007689201929049478
-0.007702458043520337
-0.007715713121544707
-0.007728967161880596
-0.007742220163285957
-0.007755472124518765
-0.007768723044337028
-0.007781972921498701
-0.0077952217547617615
-0.007808469542884177
-0.007821716284623957
-0.00783496197873909
-0.007848206623987507
-0.007861450219127217
-0.007874692762916182
-0.007887934254112404
-0.007901174691473844
-0.007914414073758499
-0.007927652399724329
-0.00794088966812932
-0.007954125877731448
-0.007967361027288707
-0.007980595115559059
-0.007993828141300487
-0.008007060103270973
-0.00802029100022848
-0.008033520830931002
-0.008046749594136515
-0.008059977288603007
-0.008073203913088457
-0.008086429466350823
-0.0080996539471481
-0.008112877354238254
-0.008126099686379297
-0.008139320942329156
-0.00815254112084586
-0.008165760220687351
-0.008178978240611628
-0.008192195179376678
-0.008205411035740445
-0.008218625808460939
-0.008231839496296129
-0.008245052098004
-0.008258263612342514
-0.008271474038069668
-0.008284683373943435
-0.008297891618721784
-0.008311098771162722
-0.008324304830024195
-0.008337509794064212
-0.008350713662040708
-0.008363916432711713
-0.00837711810483516
-0.008390318677169061
-0.008403518148471387
-0.008416716517500105
-0.008429913783013216
-0.008443109943768685
-0.008456304998524471
-0.00846949894603858
-0.008482691785068988
-0.008495883514373683
-0.008509074132710627
-0.008522263638837796
-0.008535452031513175
-0.008548639309494748
-0.008561825471540498
-0.008575010516408386
-0.008588194442856382
-0.00860137724964249
-0.00861455893552471
-0.008627739499260986
-0.00864091893960928
-0.008654097255327607
-0.008667274445173928
-0.008680450507906232
-0.008693625442282516
-0.008706799247060705
-0.00871997192099882
-0.008733143462854826
-0.00874631387138671
-0.008759483145352444
-0.00877265128351
-0.008785818284617383
-0.00879898414743255
-0.008812148870713467
-0.008825312453218147
-0.008838474893704549
-0.008851636190930656
-0.008864796343654443
-0.008877955350633902
-0.008891113210626992
-0.008904269922391688
-0.00891742548468601
-0.008930579896267882
-0.00894373315589533
-0.00895688526232631
-0.008970036214318789
-0.00898318601063078
-0.00899633465002025
-0.009009482131245148
-0.009022628453063475
-0.009035773614233232
-0.009048917613512357
-0.00906206044965885
-0.009075202121430696
-0.009088342627585858
-0.009101481966882331
-0.009114620138078084
-0.0091277571399311
-0.00914089297119934
-0.009154027630640812
-0.009167161117013484
-0.009180293429075332
-0.009193424565584316
-0.009206554525298455
-0.009219683306975692
-0.009232810909374037
-0.009245937331251427
-0.009259062571365894
-0.009272186628475376
-0.009285309501337869
-0.009298431188711351
-0.009311551689353789
-0.009324671002023171
-0.00933778912547749
-0.009350906058474695
-0.00936402179977279
-0.009377136348129735
-0.009390249702303538
-0.009403361861052133
-0.009416472823133524
-0.009429582587305706
-0.009442691152326637
-0.009455798516954312
-0.009468904679946676
-0.009482009640061748
-0.00949511339605749
-0.00950821594669187
-0.009521317290722883
-0.009534417426908482
-0.009547516354006684
-0.009560614070775455
-0.009573710575972779
-0.009586805868356588
-0.009599899946684932
-0.009612992809715743
-0.009626084456207008
-0.009639174884916706
-0.009652264094602833
-0.009665352084023337
-0.00967843885193623
-0.009691524397099475
-0.009704608718271055
-0.009717691814208928
-0.00973077368367111
-0.00974385432541554
-0.009756933738200232
-0.00977001192078314
-0.009783088871922257
-0.00979616459037556
-0.009809239074901022
-0.009822312324256626
-0.00983538433720037
-0.00984845511249019
-0.00986152464888409
-0.009874592945140055
-0.009887660000016035
-0.009900725812270061
-0.009913790380660063
-0.009926853703944041
-0.009939915780879984
-0.009952976610225837
-0.0099660361907396
-0.009979094521179267
-0.009992151600302797
-0.010005207426868154
-0.010018261999633354
-0.010031315317356352
-0.01004436737879511
-0.010057418182707669
-0.010070467727851936
-0.010083516012985958
-0.010096563036867647
-0.010109608798255022
-0.010122653295906068
-0.010135696528578712
-0.010148738495031007
-0.010161779194020872
-0.010174818624306315
-0.010187856784645314
-0.010200893673795836
-0.010213929290515872
-0.01022696363356337
-0.010239996701696367
-0.010253028493672794
-0.010266059008250648
-0.010279088244187905
-0.01029211620024254
-0.010305142875172531
-0.010318168267735853
-0.01033119237669053
-0.010344215200794472
-0.010357236738805706
-0.010370256989482178
-0.010383275951581897
-0.01039629362386282
-0.010409310005082944
-0.010422325094000224
-0.010435338889372673
-0.010448351389958234
-0.010461362594514901
-0.010474372501800657
-0.010487381110573473
-0.010500388419591344
-0.01051339442761223
-0.010526399133394117
-0.010539402535694985
-0.01055240463327281
-0.01056540542488559
-0.010578404909291255
-0.010591403085247848
-0.01060439995151329
-0.010617395506845588
-0.010630389750002743
-0.010643382679742673
-0.010656374294823438
-0.010669364594002941
-0.010682353576039192
-0.010695341239690181
-0.010708327583713867
-0.010721312606868242
-0.01073429630791128
-0.010747278685600959
-0.010760259738695243
-0.010773239465952156
-0.010786217866129641
-0.010799194937985675
-0.010812170680278224
-0.010825145091765324
-0.010838118171204916
-0.010851089917354976
-0.010864060328973473
-0.01087702940481842
-0.010889997143647776
-0.010902963544219504
-0.01091592860529162
-0.010928892325622065
-0.010941854703968855
-0.010954815739089945
-0.010967775429743287
-0.010980733774686917
-0.01099369077267881
-0.011006646422476875
-0.011019600722839171
-0.01103255367252364
-0.011045505270288272
-0.01105845551489102
-0.011071404405089896
-0.011084351939642858
-0.011097298117307908
-0.011110242936842986
-0.011123186397006116
-0.011136128496555224
-0.01114906923424835
-0.01116200860884343
-0.011174946619098465
-0.011187883263771405
-0.011200818541620276
-0.01121375245140301
-0.011226684991877595
-0.011239616161802052
-0.011252545959934298
-0.011265474385032347
-0.011278401435854173
-0.011291327111157786
-0.011304251409701113
-0.011317174330242135
-0.011330095871538869
-0.011343016032349239
-0.011355934811431273
-0.011368852207542975
-0.011381768219442258
-0.011394682845887136
-0.01140759608563555
-0.011420507937445543
-0.011433418400075062
-0.01144632747228205
-0.011459235152824526
-0.011472141440460475
-0.011485046333947866
-0.011497949832044652
-0.011510851933508868
-0.01152375263709844
-0.011536651941571358
-0.011549549845685632
-0.011562446348199211
-0.01157534144787007
-0.011588235143456171
-0.011601127433715592
-0.011614018317406211
-0.011626907793286049
-0.011639795860112991
-0.011652682516645176
-0.011665567761640466
-0.011678451593856916
-0.01169133401205244
-0.011704215014985043
-0.011717094601412724
-0.011729972770093421
-0.011742849519785147
-0.011755724849245875
-0.011768598757233559
-0.011781471242506206
-0.011794342303821778
-0.011807211939938275
-0.011820080149613648
-0.011832946931605899
-0.011845812284673006
-0.011858676207572907
-0.011871538699063645
-0.011884399757903154
-0.011897259382849431
-0.011910117572660424
-0.011922974326094167
-0.011935829641908613
-0.011948683518861717
-0.011961535955711495
-0.011974386951215901
-0.011987236504132914
-0.012000084613220531
-0.012012931277236724
-0.012025776494939472
-0.012038620265086744
-0.01205146258643653
-0.012064303457746797
-0.012077142877775532
-0.012089980845280708
-0.012102817359020324
-0.01211565241775234
-0.012128486020234744
-0.01214131816522548
-0.012154148851482588
-0.012166978077764023
-0.01217980584282772
-0.012192632145431707
-0.012205456984333951
-0.012218280358292474
-0.01223110226606515
-0.012243922706410035
-0.012256741678085102
-0.012269559179848325
-0.012282375210457656
-0.012295189768671118
-0.012308002853246654
-0.012320814462942257
-0.012333624596515913
-0.012346433252725589
-0.012359240430329262
-0.012372046128084926
-0.012384850344750547
-0.0123976530790841
-0.012410454329843579
-0.012423254095786953
-0.012436052375672206
-0.012448849168257314
-0.012461644472300254
-0.012474438286559007
-0.012487230609791547
-0.012500021440755871
-0.012512810778209935
-0.01252559862091172
-0.012538384967619207
-0.012551169817090393
-0.012563953168083255
-0.012576735019355745
-0.012589515369665868
-0.012602294217771596
-0.012615071562430896
-0.012627847402401754
-0.012640621736442155
-0.012653394563310057
-0.012666165881763471
-0.01267893569056035
-0.012691703988458694
-0.012704470774216464
-0.012717236046591644
-0.012729999804342224
-0.012742762046226186
-0.01275552277100147
-0.012768281977426067
-0.012781039664258004
-0.012793795830255231
-0.01280655047417571
-0.01281930359477742
-0.012832055190818353
-0.012844805261056474
-0.012857553804249805
-0.012870300819156282
-0.012883046304533904
-0.012895790259140635
-0.012908532681734452
-0.01292127357107335
-0.012934012925915282
-0.012946750745018294
-0.012959487027140268
-0.01297222177103924
-0.012984954975473207
-0.012997686639200092
-0.013010416760977922
-0.013023145339564652
-0.01303587237371825
-0.013048597862196726
-0.013061321803758031
-0.013074044197160194
-0.01308676504116112
-0.013099484334518826
-0.013112202075991309
-0.013124918264336496
-0.013137632898312435
-0.013150345976677053
-0.013163057498188337
-0.013175767461604279
-0.013188475865682836
-0.01320118270918201
-0.01321388799085978
-0.013226591709474104
-0.013239293863782978
-0.01325199445254439
-0.013264693474516297
-0.013277390928456695
-0.013290086813123532
-0.013302781127274824
-0.01331547386966856
-0.013328165039062659
-0.013340854634215138
-0.013353542653883978
-0.013366229096827166
-0.013378913961802649
-0.013391597247568422
-0.013404278952882489
-0.013416959076502784
-0.013429637617187315
-0.013442314573694068
-0.013454989944781002
-0.013467663729206084
-0.013480335925727319
-0.013493006533102685
-0.013505675550090161
-0.013518342975447685
-0.013531008807933299
-0.013543673046304938
-0.013556335689320608
-0.013568996735738264
-0.013581656184315897
-0.01359431403381149
-0.013606970282983025
-0.013619624930588445
-0.013632277975385786
-0.013644929416132967
-0.013657579251588026
-0.013670227480508905
-0.013682874101653574
-0.013695519113780034
-0.013708162515646284
-0.013720804306010224
-0.01373344448362996
-0.013746083047263349
-0.013758719995668427
-0.013771355327603157
-0.013783989041825526
-0.013796621137093538
-0.013809251612165124
-0.01382188046579829
-0.013834507696751
-0.013847133303781256
-0.013859757285647006
-0.013872379641106238
-0.013885000368916973
-0.013897619467837139
-0.013910236936624744
-0.013922852774037745
-0.013935466978834122
-0.01394807954977186
-0.013960690485608945
-0.013973299785103368
-0.013985907447013087
-0.013998513470096082
-0.01401111785311031
-0.014023720594813785
-0.014036321693964491
-0.014048921149320385
-0.01406151895963945
-0.014074115123679695
-0.014086709640199037
-0.014099302507955491
-0.014111893725707043
-0.014124483292211654
-0.014137071206227326
-0.014149657466512006
-0.014162242071823703
-0.014174825020920384
-0.014187406312560023
-0.014199985945500601
-0.014212563918500093
-0.0142251402303165
-0.014237714879707777
-0.014250287865431917
-0.01426285918624688
-0.01427542884091066
-0.01428799682818124
-0.014300563146816579
-0.014313127795574695
-0.014325690773213532
-0.014338252078491057
-0.014350811710165284
-0.014363369666994169
-0.014375925947735731
-0.014388480551147892
-0.01440103347598865
-0.01441358472101599
-0.014426134284987908
-0.014438682166662335
-0.014451228364797324
-0.014463772878150791
-0.014476315705480733
-0.01448885684554514
-0.014501396297101963
-0.014513934058909212
-0.014526470129724842
-0.014539004508306858
-0.014551537193413214
-0.014564068183801899
-0.014576597478230906
-0.014589125075458178
-0.014601650974241731
-0.014614175173339522
-0.014626697671509521
-0.014639218467509752
-0.014651737560098129
-0.014664254948032696
-0.014676770630071397
-0.01468928460497221
-0.014701796871493119
-0.014714307428392094
-0.014726816274427143
-0.0147393234083562
-0.014751828828937302
-0.014764332534928367
-0.014776834525087401
-0.014789334798172401
-0.014801833352941317
-0.014814330188152168
-0.014826825302562869
-0.014839318694931445
-0.01485181036401586
-0.014864300308574113
-0.014876788527364144
-0.014889275019143965
-0.014901759782671557
-0.01491424281670487
-0.014926724120001896
-0.014939203691320629
-0.014951681529419041
-0.014964157633055114
-0.014976632000986789
-0.014989104631972084
-0.015001575524768981
-0.015014044678135429
-0.015026512090829443
-0.015038977761608978
-0.015051441689232004
-0.015063903872456553
-0.015076364310040528
-0.015088823000741946
-0.015101279943318802
-0.015113735136529045
-0.015126188579130668
-0.015138640269881652
-0.015151090207539958
-0.015163538390863594
-0.015175984818610528
-0.015188429489538737
-0.015200872402406198
-0.015213313555970876
-0.015225752948990765
-0.015238190580223835
-0.015250626448428088
-0.015263060552361494
-0.01527549289078201
-0.015287923462447643
-0.015300352266116347
-0.015312779300546125
-0.015325204564494911
-0.015337628056720764
-0.015350049775981603
-0.015362469721035405
-0.01537488789064017
-0.015387304283553855
-0.015399718898534474
-0.015412131734339982
-0.01542454278972833
-0.015436952063457573
-0.01544935955428563
-0.01546176526097048
-0.015474169182270141
-0.015486571316942576
-0.015498971663745744
-0.015511370221437618
-0.01552376698877619
-0.015536161964519476
-0.015548555147425409
-0.015560946536251986
-0.015573336129757158
-0.015585723926698969
-0.015598109925835324
-0.015610494125924237
-0.015622876525723703
-0.01563525712399165
-0.01564763591948612
-0.015660012910965044
-0.015672388097186407
-0.015684761476908216
-0.01569713304888844
-0.015709502811885042
-0.01572187076465602
-0.0157342369059593
-0.01574660123455295
-0.01575896374919488
-0.015771324448643084
-0.015783683331655564
-0.015796040396990285
-0.015808395643405204
-0.01582074906965832
-0.015833100674507626
-0.015845450456711062
-0.01585779841502665
-0.015870144548212374
-0.015882488855026147
-0.015894831334225996
-0.015907171984569916
-0.015919510804815844
-0.015931847793721775
-0.015944182950045706
-0.01595651627254558
-0.015968847759979414
-0.015981177411105146
-0.01599350522468081
-0.016005831199464342
-0.016018155334213753
-0.016030477627686966
-0.016042798078642007
-0.016055116685836843
-0.016067433448029463
-0.016079748363977808
-0.0160920614324399
-0.016104372652173717
-0.01611668202193721
-0.016128989540488387
-0.016141295206585183
-0.01615359901898563
-0.016165900976447666
-0.016178201077729285
-0.016190499321588482
-0.016202795706783197
-0.016215090232071457
-0.016227382896211208
-0.016239673697960432
-0.01625196263607711
-0.01626424970931924
-0.016276534916444776
-0.016288818256211694
-0.016301099727378005
-0.01631337932870164
-0.01632565705894064
-0.01633793291685293
-0.016350206901196516
-0.016362479010729365
-0.016374749244209435
-0.01638701760039475
-0.016399284078043284
-0.01641154867591298
-0.01642381139276186
-0.016436072227347855
-0.016448331178428983
-0.016460588244763208
-0.0164728434251085
-0.016485096718222868
-0.016497348122864238
-0.016509597637790637
-0.01652184526176006
-0.01653409099353041
-0.016546334831859754
-0.016558576775505977
-0.016570816823227127
-0.016583054973781177
-0.016595291225926092
-0.01660752557841983
-0.016619758030020415
-0.01663198857948581
-0.016644217225573965
-0.016656443967042883
-0.016668668802650534
-0.01668089173115491
-0.01669311275131399
-0.01670533186188573
-0.01671754906162814
-0.01672976434929919
-0.016741977723656824
-0.016754189183459067
-0.01676639872746389
-0.016778606354429244
-0.01679081206311314
-0.016803015852273544
-0.01681521772066841
-0.016827417667055755
-0.01683961569019354
-0.01685181178883976
-0.016864005961752367
-0.01687619820768936
-0.016888388525408714
-0.016900576913668405
-0.016912763371226422
-0.016924947896840715
-0.016937130489269283
-0.016949311147270132
-0.016961489869601186
-0.01697366665502046
-0.016985841502285933
-0.016998014410155544
-0.017010185377387337
-0.01702235440273926
-0.017034521484969273
-0.017046686622835358
-0.017058849815095506
-0.017071011060507724
-0.017083170357829955
-0.017095327705820177
-0.017107483103236384
-0.017119636548836546
-0.01713178804137864
-0.017143937579620645
-0.01715608516232057
-0.01716823078823636
-0.017180374456125986
-0.017192516164747464
-0.01720465591285871
-0.017216793699217785
-0.01722892952258262
-0.0172410633817112
-0.017253195275361507
-0.017265325202291504
-0.017277453161259202
-0.017289579151022565
-0.017301703170339574
-0.017313825217968173
-0.017325945292666383
-0.01733806339319218
-0.01735017951830353
-0.017362293666758406
-0.017374405837314807
-0.017386516028730703
-0.01739862423976406
-0.017410730469172877
-0.017422834715715117
-0.01743493697814879
-0.017447037255231827
-0.017459135545722235
-0.017471231848377983
-0.017483326161957056
-0.01749541848521746
-0.017507508816917115
-0.017519597155814054
-0.017531683500666202
-0.01754376785023158
-0.017555850203268164
-0.017567930558533933
-0.017580008914786834
-0.017592085270784867
-0.017604159625286032
-0.017616231977048296
-0.01762830232482962
-0.01764037066738801
-0.01765243700348141
-0.017664501331867827
-0.017676563651305193
-0.01768862396055157
-0.017700682258364877
-0.017712738543503116
-0.01772479281472424
-0.017736845070786246
-0.01774889531044713
-0.017760943532464858
-0.01777298973559736
-0.0177850339186027
-0.017797076080238786
-0.017809116219263645
-0.017821154334435232
-0.017833190424511536
-0.017845224488250534
-0.017857256524410187
-0.01786928653174847
-0.017881314509023433
-0.017893340454992968
-0.0179053643684151
-0.017917386248047777
-0.01792940609264903
-0.017941423900976784
-0.01795343967178905
-0.01796545340384379
-0.017977465095898995
-0.017989474746712624
-0.01800148235504269
-0.018013487919647107
-0.018025491439283933
-0.01803749291271111
-0.01804949233868661
-0.018061489715968427
-0.01807348504331455
-0.018085478319482918
-0.018097469543231548
-0.01810945871331841
-0.018121445828501444
-0.01813343088753867
-0.018145413889188076
-0.018157394832207612
-0.018169373715355274
-0.018181350537389025
-0.018193325297066888
-0.01820529799314681
-0.01821726862438672
-0.018229237189543186
-0.018241203687366783
-0.018253168116606572
-0.01826513047601165
-0.018277090764331125
-0.018289048980314068
-0.0183010051227096
-0.018312959190266827
-0.01832491118173479
-0.01833686109586263
-0.01834880893139945
-0.018360754687094277
-0.018372698361696277
-0.018384639953954496
-0.01839657946261805
-0.018408516886436042
-0.01842045222415755
-0.018432385474531677
-0.018444316636307495
-0.018456245708234113
-0.018468172689060675
-0.018480097577536166
-0.018492020372409768
-0.018503941072430564
-0.018515859676347612
-0.018527776182910044
-0.018539690590866926
-0.018551602898967335
-0.018563513105960428
-0.018575421210595265
-0.018587327211620916
-0.018599231107786527
-0.01861113289784115
-0.01862303258053387
-0.01863493015461383
-0.018646825618830097
-0.018658718971931765
-0.018670610212667915
-0.018682499339787672
-0.018694386352040106
-0.0187062712481743
-0.018718154026939368
-0.01873003468708444
-0.018741913227358537
-0.018753789646510786
-0.018765663943290288
-0.01877753611644616
-0.018789406164727452
-0.01880127408688326
-0.01881313988166649
-0.018825003547845262
-0.018836865084191478
-0.01884872448947706
-0.018860581762473887
-0.018872436901953872
-0.018884289906688945
-0.01889614077545013
-0.01890798950700501
-0.01891983610012036
-0.018931680553562858
-0.018943522866099228
-0.01895536303649621
-0.018967201063520553
-0.018979036945938936
-0.018990870682518115
-0.01900270227202479
-0.01901453171322573
-0.019026359004887628
-0.0190381841457772
-0.019050007134661196
-0.019061827970306332
-0.019073646651479335
-0.01908546317694692
-0.01909727754547582
-0.019109089755832757
-0.019120899806784473
-0.01913270769709768
-0.019144513425539116
-0.01915631699087548
-0.019168118391873493
-0.01917991762729993
-0.019191714695921454
-0.019203509596504846
-0.019215302327816798
-0.019227092888624054
-0.01923888127769332
-0.019250667493791344
-0.01926245153568482
-0.0192742334021405
-0.0192860130919251
-0.019297790603805348
-0.019309565936547972
-0.0193213390889197
-0.01933311005968724
-0.019344878847617326
-0.019356645451476674
-0.01936840987003631
-0.019380172102084193
-0.019391932146412657
-0.01940369000181395
-0.01941544566708036
-0.019427199141004152
-0.01943895042237763
-0.01945069950999305
-0.019462446402642705
-0.019474191099118857
-0.01948593359821381
-0.01949767389871981
-0.019509411999429148
-0.019521147899134162
-0.019532881596627014
-0.0195446130907001
-0.019556342380145617
-0.019568069463755867
-0.01957979434032318
-0.01959151700863974
-0.019603237467497873
-0.019614955715689886
-0.019626671752008037
-0.01963838557524457
-0.019650097184191823
-0.019661806577642032
-0.019673513754387487
-0.01968521871322047
-0.019696921452933256
-0.01970862197231814
-0.01972032027016736
-0.019732016345273252
-0.01974371019642805
-0.01975540182242406
-0.01976709122205354
-0.01977877839410876
-0.019790463337382033
-0.01980214605066562
-0.01981382653275182
-0.019825504782432873
-0.019837180798501074
-0.01984885457974871
-0.019860526124968043
-0.019872195432951406
-0.019883862502491006
-0.019895527332379148
-0.01990718992140812
-0.01991885026837018
-0.019930508372057627
-0.01994216423126275
-0.01995381784477781
-0.01996546921139508
-0.019977118329906847
-0.01998876519910539
-0.020000409817782998
-0.020012052184731927
-0.020023692298744483
-0.020035330158612922
-0.02004696576312953
-0.020058599111086595
-0.02007023020127638
-0.02008185903249116
-0.020093485603523253
-0.020105109913164877
-0.020116731960208377
-0.020128351743445964
-0.020139969261669978
-0.020151584513672664
-0.02016319749824632
-0.0201748082141832
-0.020186416660275586
-0.020198022835315788
-0.020209626738096065
-0.020221228367408684
-0.020232827722045932
-0.02024442480080008
-0.020256019602463433
-0.020267612125828238
-0.020279202369686826
-0.020290790332831397
-0.020302376014054286
-0.020313959412147756
-0.020325540525904094
-0.020337119354115564
-0.020348695895574465
-0.020360270149073073
-0.020371842113403635
-0.02038341178735844
-0.020394979169729814
-0.020406544259309992
-0.020418107054891273
-0.020429667555265905
-0.020441225759226172
-0.02045278166556441
-0.020464335273072832
-0.020475886580543726
-0.02048743558676941
-0.020498982290542127
-0.020510526690654157
-0.020522068785897806
-0.020533608575067374
-0.02054514605696532
-0.02055668123039614
-0.02056821409416439
-0.02057974464707455
-0.020591272887931118
-0.020602798815538607
-0.02061432242870155
-0.0206258437262246
-0.02063736270691323
-0.020648879369573048
-0.020660393713009696
-0.020671905736028787
-0.020683415437435994
-0.02069492281603687
-0.020706427870637114
-0.020717930600042313
-0.020729431003058112
-0.020740929078490154
-0.02075242482514405
-0.020763918241825417
-0.02077540932733992
-0.02078689808049314
-0.020798384500090743
-0.020809868584938333
-0.020821350333841582
-0.02083282974560607
-0.02084430681903743
-0.020855781552941332
-0.020867253946123373
-0.020878723997389183
-0.020890191705544382
-0.020901657069394636
-0.020913120087745537
-0.02092458075940273
-0.02093603908317184
-0.020947495057858475
-0.02095894868226831
-0.02097039995520695
-0.020981848875480005
-0.02099329544189311
-0.02100473965325193
-0.02101618150836206
-0.02102762100602915
-0.0210390581450588
-0.021050492924256665
-0.021061925342428352
-0.021073355398379515
-0.02108478309091578
-0.021096208418842743
-0.021107631380966066
-0.021119051976091374
-0.02113047020302427
-0.021141886060570415
-0.021153299547535413
-0.021164710662724923
-0.021176119404944533
-0.021187525772999895
-0.02119892976569665
-0.021210331381840412
-0.02122173062023684
-0.02123312747969148
-0.021244521959010037
-0.021255914056998105
-0.021267303772461332
-0.021278691104204904
-0.021290076051032183
-0.021301458611746118
-0.021312838785149592
-0.021324216570045608
-0.02133559196523704
-0.02134696496952685
-0.021358335581717975
-0.021369703800613305
-0.02138106962501582
-0.021392433053728413
-0.02140379408555405
-0.021415152719295616
-0.021426508953756068
-0.02143786278773837
-0.021449214220045407
-0.02146056324948014
-0.021471909874845478
-0.02148325409494434
-0.021494595908579713
-0.02150593531455447
-0.02151727231167157
-0.021528606898733954
-0.021539939074544504
-0.021551268837906222
-0.021562596187621984
-0.021573921122494757
-0.02158524364132745
-0.021596563742922993
-0.021607881426084333
-0.021619196689614376
-0.021630509532316107
-0.021641819952992393
-0.021653127950446202
-0.021664433523480447
-0.02167573667089809
-0.021687037391501997
-0.021698335684095186
-0.021709631547484374
-0.021720924980491614
-0.0217322159819429
-0.021743504550664088
-0.02175479068548108
-0.021766074385219852
-0.02177735564870631
-0.021788634474766318
-0.02179991086222581
-0.021811184809910768
-0.021822456316646987
-0.02183372538126049
-0.021844992002577182
-0.021856256179422908
-0.021867517910623656
-0.02187877719500529
-0.02189003403139376
-0.021901288418614957
-0.021912540355494805
-0.021923789840868863
-0.021935036873611237
-0.021946281452605618
-0.021957523576735694
-0.021968763244885232
-0.021980000455937936
-0.021991235208777486
-0.02200246750228767
-0.022013697335352137
-0.022024924706854677
-0.022036149615678936
-0.022047372060708646
-0.02205859204082757
-0.02206980955491942
-0.02208102460186782
-0.022092237180556622
-0.02210344728986946
-0.022114654928690077
-0.022125860095902172
-0.022137062790389503
-0.02214826301103572
-0.022159460756734344
-0.022170656026417705
-0.022181848819027978
-0.02219303913350721
-0.022204226968797577
-0.02221541232384116
-0.022226595197580076
-0.022237775588956458
-0.022248953496909037
-0.02226012892036304
-0.02227130185824025
-0.022282472309462613
-0.02229364027295187
-0.02230480574762753
-0.022315968732399622
-0.022327129226175767
-0.02233828722786365
-0.022349442736370878
-0.02236059575060513
-0.022371746269474056
-0.022382894291885277
-0.02239403981674648
-0.022405182842965242
-0.02241632336944895
-0.02242746139510351
-0.022438596918834507
-0.022449729939547525
-0.022460860456148323
-0.02247198846754328
-0.02248311397263895
-0.022494236970341894
-0.022505357459558523
-0.022516475439195306
-0.022527590908158694
-0.022538703865355125
-0.022549814309690296
-0.02256092224006685
-0.022572027655386788
-0.022583130554552813
-0.022594230936467816
-0.022605328800034574
-0.022616424144156003
-0.0226275169677349
-0.022638607269674156
-0.022649695048876584
-0.022660780304291632
-0.02267186303505497
-0.022682943240348787
-0.0226940209193554
-0.022705096071256956
-0.022716168695235742
-0.022727238790473968
-0.022738306356152774
-0.022749371391448718
-0.022760433895537228
-0.02277149386759378
-0.02278255130679384
-0.02279360621231282
-0.022804658583326164
-0.022815708419009356
-0.02282675571853784
-0.022837800481087037
-0.022848842705832657
-0.02285988239195109
-0.022870919538618993
-0.022881954145013046
-0.02289298621030986
-0.022904015733686084
-0.022915042714318407
-0.022926067151383425
-0.022937089044055545
-0.0229481083915001
-0.022959125192886398
-0.022970139447408593
-0.022981151154265172
-0.022992160312654338
-0.023003166921774093
-0.02301417098082262
-0.023025172488998037
-0.023036171445498445
-0.023047167849521922
-0.023058161700265513
-0.02306915299692167
-0.023080141738681774
-0.023091127924737203
-0.02310211155428058
-0.023113092626509592
-0.02312407114062315
-0.023135047095823803
-0.023146020491327614
-0.023156991326351746
-0.023167959600112913
-0.023178925311828805
-0.023189888460717303
-0.02320084904599634
-0.023211807066883767
-0.023222762522597508
-0.023233715412355496
-0.02324466573537556
-0.023255613490875637
-0.023266558678072886
-0.023277501296181374
-0.02328844134441444
-0.023299378821985184
-0.02331031372810674
-0.023321246061992228
-0.02333217582285471
-0.02334310300990731
-0.023354027622363126
-0.02336494965943527
-0.023375869120336783
-0.023386786004280912
-0.02339770031048063
-0.023408612038148417
-0.023419521186494076
-0.02343042775472672
-0.0234413317420555
-0.02345223314768954
-0.02346313197085018
-0.023474028210807518
-0.023484921866844137
-0.023495812938243706
-0.023506701424290205
-0.023517587324267515
-0.023528470637459647
-0.023539351363150492
-0.023550229500622338
-0.02356110504915072
-0.02357197800800941
-0.02358284837647227
-0.023593716153814254
-0.023604581339314878
-0.023615443932254804
-0.023626303931914668
-0.023637161337575104
-0.02364801614851677
-0.023658868364020338
-0.023669717983366437
-0.023680565005835746
-0.023691409430708858
-0.023702251257266486
-0.023713090484789236
-0.023723927112557792
-0.02373476113985275
-0.02374559256595484
-0.023756421390143362
-0.023767247611692556
-0.023778071229875377
-0.02378889224396476
-0.023799710653233653
-0.023810526456954972
-0.023821339654401683
-0.023832150244846723
-0.023842958227566706
-0.023853763601853144
-0.02386456636700119
-0.02387536652230599
-0.02388616406706274
-0.02389695900056658
-0.023907751322112675
-0.023918541030996176
-0.023929328126514476
-0.02394011260797323
-0.02395089447468049
-0.023961673725944085
-0.023972450361072015
-0.02398322437937902
-0.023993995780207316
-0.02400476456290609
-0.024015530726824375
-0.02402629427131127
-0.024037055195715893
-0.024047813499387324
-0.02405856918167471
-0.02406932224192709
-0.02408007267949315
-0.02409082049371963
-0.024101565683952587
-0.024112308249537997
-0.024123048189822346
-0.02413378550415399
-0.02414452019188178
-0.024155252252354615
-0.024165981684921296
-0.024176708488930703
-0.024187432663731682
-0.024198154208673092
-0.02420887312310378
-0.024219589406372637
-0.024230303057828452
-0.024241014076820132
-0.024251722462696492
-0.02426242821480643
-0.02427313133249877
-0.02428383181512237
-0.02429452966202611
-0.024305224872558782
-0.02431591744606932
-0.0243266073819065
-0.024337294679419245
-0.024347979337956096
-0.024358661356864642
-0.024369340735492153
-0.02438001747318592
-0.02439069156929327
-0.02440136302315992
-0.024412031834125623
-0.02442269800152841
-0.024433361524708434
-0.024444022403013313
-0.024454680635792574
-0.024465336222395825
-0.024475989162172605
-0.024486639454471854
-0.024497287098639745
-0.02450793209402204
-0.024518574439964278
-0.0245292141358121
-0.024539851180911107
-0.02455048557460528
-0.02456111731623803
-0.024571746405175694
-0.024582372840790328
-0.024592996622452217
-0.024603617749531143
-0.02461423622139688
-0.024624852037419313
-0.024635465196968125
-0.024646075699415727
-0.024656683544144204
-0.024667288730538302
-0.024677891257982677
-0.024688491125862022
-0.024699088333560916
-0.024709682880464177
-0.024720274765956396
-0.024730863989422227
-0.02474145055024645
-0.02475203444781454
-0.024762615681515908
-0.02477319425074075
-0.024783770154879314
-0.024794343393321868
-0.024804913965458617
-0.024815481870679845
-0.024826047108375777
-0.02483660967793666
-0.024847169578752725
-0.02485772681021532
-0.024868281371720154
-0.02487883326266397
-0.02488938248244359
-0.02489992903045669
-0.024910472906104736
-0.02492101410879002
-0.02493155263791389
-0.024942088492873066
-0.024952621673063252
-0.024963152177880157
-0.024973680006719453
-0.02498420515897675
-0.024994727634047857
-0.02500524743132836
-0.02501576455021397
-0.025026278990100407
-0.025036790750383328
-0.02504729983045839
-0.025057806229721567
-0.025068309947569756
-0.02507881098340016
-0.025089309336609904
-0.025099805006596188
-0.025110297992756207
-0.025120788294491086
-0.025131275911215178
-0.02514176084233715
-0.02515224308726668
-0.025162722645407115
-0.025173199516159935
-0.025183673698926528
-0.02519414519310834
-0.025204613998106827
-0.025215080113323407
-0.02522554353815958
-0.025236004272016707
-0.025246462314296277
-0.02525691766439967
-0.02526737032172958
-0.025277820285693323
-0.025288267555699507
-0.025298712131156927
-0.02530915401147575
-0.02531959319606633
-0.025330029684339058
-0.02534046347570435
-0.02535089456957262
-0.02536132296535421
-0.025371748662459594
-0.025382171660299074
-0.02539259195829139
-0.02540300955588823
-0.025413424452549616
-0.02542383664773548
-0.025434246140905854
-0.0254446529315207
-0.025455057019040023
-0.02546545840292382
-0.025475857082632048
-0.025486253057624732
-0.02549664632736183
-0.025507036891320233
-0.025517424749044306
-0.02552780990009533
-0.025538192344034538
-0.025548572080423205
-0.025558949108822605
-0.02556932342879398
-0.02557969503989862
-0.025590063941697737
-0.025600430133752648
-0.025610793615624558
-0.025621154386874772
-0.025631512447064565
-0.02564186779575517
-0.025652220432507814
-0.02566257035688383
-0.025672917568444413
-0.025683262066750895
-0.025693603851364478
-0.025703942921846443
-0.025714279277758056
-0.025724612918660576
-0.02573494384411525
-0.025745272053683384
-0.02575559754692617
-0.02576592032340495
-0.025776240382680924
-0.025786557724315373
-0.025796872347869558
-0.02580718425290429
-0.025817493438978524
-0.02582779990565076
-0.02583810365247952
-0.025848404679023308
-0.025858702984840623
-0.025868998569489966
-0.025879291432529875
-0.02588958157351883
-0.025899868992015324
-0.025910153687577892
-0.025920435659765036
-0.025930714908135265
-0.025940991432247058
-0.02595126523165895
-0.025961536305929445
-0.025971804654617
-0.025982070277280202
-0.025992333173477516
-0.026002593342767444
-0.026012850784708514
-0.026023105498859205
-0.026033357484778044
-0.02604360674202354
-0.026053853270154158
-0.026064097068728462
-0.026074338137304934
-0.026084576475442066
-0.02609481208269839
-0.026105044958632393
-0.026115275102802614
-0.026125502514767498
-0.0261357271940856
-0.026145949140315435
-0.026156168353015468
-0.02616638483174422
-0.02617659857606023
-0.026186809585521942
-0.02619701785968794
-0.026207223398116656
-0.026217426200366645
-0.02622762626599641
-0.02623782359456443
-0.026248018185627702
-0.026258210038737156
-0.026268399153442108
-0.026278585529292
-0.026288769165836768
-0.026298950062628845
-0.026309128219221243
-0.026319303635166966
-0.02632947631001839
-0.026339646243325084
-0.026349813434635994
-0.026359977883500058
-0.026370139589466195
-0.026380298552083358
-0.026390454770925255
-0.026400608245665067
-0.0264107589759993
-0.026420906961618865
-0.026431052202213246
-0.026441194697471953
-0.026451334447084456
-0.026461471450740234
-0.02647160570812877
-0.026481737218939587
-0.026491865982862184
-0.026501991999586003
-0.02651211526880056
-0.026522235790195362
-0.026532353563459822
-0.02654246858828354
-0.026552580864355912
-0.02656269039136648
-0.026572797169004705
-0.026582901196960097
-0.026593002474922144
-0.02660310100258034
-0.026613196779624138
-0.026623289805743047
-0.02663338008062657
-0.026643467603961964
-0.02665355237542742
-0.026663634394698963
-0.026673713661452575
-0.026683790175364257
-0.026693863936110018
-0.026703934943365815
-0.026714003196807678
-0.026724068696111568
-0.026734131440953494
-0.02674419143100947
-0.026754248665955455
-0.026764303145467447
-0.026774354869221466
-0.02678440383689348
-0.026794450048159488
-0.026804493502695502
-0.026814534200177514
-0.026824572140281486
-0.026834607322683435
-0.02684463974705934
-0.02685466941308521
-0.026864696320437045
-0.026874720468790816
-0.026884741857822518
-0.026894760487208156
-0.0269047763566237
-0.026914789465745208
-0.02692479981424861
-0.026934807401809906
-0.026944812228105155
-0.02695481429281025
-0.026964813595601222
-0.026974810136154107
-0.026984803914144855
-0.02699479492924949
-0.027004783181143972
-0.027014768669504308
-0.027024751394006497
-0.027034731354326533
-0.02704470855014039
-0.027054682981132627
-0.027064654647021846
-0.027074623547535204
-0.027084589682399914
-0.02709455305134306
-0.02710451365409187
-0.027114471490373458
-0.027124426559914986
-0.02713437886244366
-0.02714432839768664
-0.027154275165371035
-0.02716421916522402
-0.02717416039697281
-0.027184098860344497
-0.027194034555066252
-0.0272039674808653
-0.02721389763746874
-0.027223825024603736
-0.027233749641997484
-0.027243671489377102
-0.027253590566469792
-0.027263506873002684
-0.027273420408702974
-0.027283331173297787
-0.027293239166514317
-0.02730314438807971
-0.027313046837721115
-0.027322946515165692
-0.0273328434201406
-0.02734273755237307
-0.02735262891159018
-0.0273625174975191
-0.027372403309887022
-0.027382286348421107
-0.02739216661284848
-0.027402044102896324
-0.027411918818291827
-0.027421790758762117
-0.02743165992403435
-0.027441526313835736
-0.027451389927893356
-0.027461250765934454
-0.027471108827686132
-0.027480964112875556
-0.027490816621229958
-0.027500666352476392
-0.027510513306342108
-0.027520357482554218
-0.027530198880839865
-0.027540037500926304
-0.02754987334254061
-0.027559706405409962
-0.0275695366892615
-0.02757936419382247
-0.027589188918819944
-0.027599010863981144
-0.027608830029033173
-0.027618646413703204
-0.027628460017718473
-0.027638270840806046
-0.027648078882693126
-0.027657884143106878
-0.02766768662177447
-0.02767748631842302
-0.027687283232779733
-0.027697077364571762
-0.027706868713526248
-0.027716657279370366
-0.027726443061831293
-0.02773622606063617
-0.027746006275512172
-0.02775578370618642
-0.027765558352386144
-0.027775330213838458
-0.02778509929027052
-0.027794865581409495
-0.02780462908698258
-0.027814389806716883
-0.027824147740339623
-0.027833902887577904
-0.027843655248158922
-0.027853404821809834
-0.027863151608257808
-0.027872895607229966
-0.02788263681845353
-0.0278923752416556
-0.027902110876563385
-0.027911843722903996
-0.02792157378040467
-0.0279313010487925
-0.027941025527794653
-0.027950747217138316
-0.027960466116550654
-0.027970182225758835
-0.027979895544489986
-0.027989606072471265
-0.027999313809429854
-0.02800901875509295
-0.028018720909187635
-0.028028420271441118
-0.02803811684158057
-0.028047810619333143
-0.028057501604425973
-0.028067189796586248
-0.028076875195541123
-0.028086557801017736
-0.0280962376127433
-0.028105914630444914
-0.028115588853849797
-0.028125260282685065
-0.028134928916677914
-0.028144594755555485
-0.028154257799044933
-0.02816391804687344
-0.028173575498768165
-0.02818323015445625
-0.028192882013664863
-0.0282025310761212
-0.02821217734155235
-0.028221820809685525
-0.0282314614802479
-0.0282410993529666
-0.028250734427568803
-0.028260366703781643
-0.028269996181332347
-0.028279622859948006
-0.028289246739355824
-0.02829886781928294
-0.028308486099456544
-0.028318101579603756
-0.028327714259451728
-0.028337324138727697
-0.028346931217158772
-0.028356535494472104
-0.02836613697039489
-0.02837573564465424
-0.028385331516977388
-0.028394924587091454
-0.02840451485472356
-0.028414102319600926
-0.028423686981450674
-0.028433268840000022
-0.0284428478949761
-0.028452424146106017
-0.028461997593117037
-0.02847156823573622
-0.0284811360736908
-0.028490701106707886
-0.028500263334514674
-0.02850982275683831
-0.028519379373406005
-0.028528933183944796
-0.02853848418818197
-0.028548032385844635
-0.02855757777665997
-0.02856712036035513
-0.028576660136657245
-0.028586197105293525
-0.028595731265991093
-0.028605262618477127
-0.028614791162478812
-0.028624316897723268
-0.028633839823937662
-0.02864335994084918
-0.028652877248184976
-0.028662391745672186
-0.028671903433037993
-0.028681412310009567
-0.02869091837631405
-0.02870042163167864
-0.02870992207583042
-0.028719419708496605
-0.02872891452940438
-0.028738406538280862
-0.02874789573485324
-0.02875738211884865
-0.028766865689994273
-0.028776346448017246
-0.02878582439264476
-0.028795299523603986
-0.028804771840622016
-0.028814241343426097
-0.028823708031743372
-0.028833171905300936
-0.028842632963826012
-0.02885209120704571
-0.028861546634687284
-0.028870999246477805
-0.028880449042144502
-0.02888989602141445
-0.02889934018401488
-0.028908781529672953
-0.028918220058115816
-0.02892765576907058
-0.028937088662264493
-0.02894651873742466
-0.028955945994278254
-0.028965370432552477
-0.0289747920519744
-0.028984210852271253
-0.02899362683317019
-0.029003039994398384
-0.029012450335682956
-0.029021857856751078
-0.029031262557329924
-0.02904066443714667
-0.02905006349592845
-0.029059459733402432
-0.029068853149295783
-0.029078243743335667
-0.02908763151524921
-0.02909701646476363
-0.029106398591606034
-0.029115777895503632
-0.029125154376183578
-0.029134528033372985
-0.029143898866799058
-0.029153266876188966
-0.029162632061269806
-0.02917199442176884
-0.029181353957413145
-0.02919071066792991
-0.029200064553046308
-0.02920941561248951
-0.029218763845986602
-0.029228109253264852
-0.02923745183405135
-0.029246791588073247
-0.029256128515057756
-0.029265462614732028
-0.02927479388682321
-0.02928412233105847
-0.029293447947164958
-0.029302770734869844
-0.02931209069390029
-0.029321407823983448
-0.029330722124846487
-0.029340033596216567
-0.029349342237820854
-0.029358648049386482
-0.029367951030640663
-0.029377251181310522
-0.029386548501123242
-0.02939584298980594
-0.029405134647085836
-0.029414423472690035
-0.02942370946634573
-0.029432992627780118
-0.029442272956720278
-0.029451550452893396
-0.029460825116026695
-0.0294700969458473
-0.029479365942082347
-0.02948863210445901
-0.02949789543270444
-0.029507155926545854
-0.02951641358571034
-0.029525668409925092
-0.029534920398917273
-0.029544169552414054
-0.029553415870142586
-0.029562659351830018
-0.029571899997203516
-0.02958113780599025
-0.0295903727779174
-0.029599604912712078
-0.02960883421010147
-0.029618060669812783
-0.029627284291573085
-0.02963650507510962
-0.029645723020149516
-0.029654938126419922
-0.029664150393647996
-0.029673359821560934
-0.02968256640988588
-0.02969177015835002
-0.02970097106668045
-0.02971016913460436
-0.029719364361848945
-0.029728556748141354
-0.029737746293208706
-0.02974693299677822
-0.02975611685857704
-0.02976529787833227
-0.029774476055771163
-0.029783651390620818
-0.029792823882608427
-0.029801993531461127
-0.029811160336906062
-0.02982032429867047
-0.029829485416481442
-0.029838643690066162
-0.029847799119151797
-0.029856951703465504
-0.029866101442734425
-0.02987524833668575
-0.02988439238504661
-0.02989353358754421
-0.029902671943905695
-0.02991180745385818
-0.029920940117128897
-0.029930069933444957
-0.029939196902533532
-0.029948321024121823
-0.029957442297936933
-0.02996656072370603
-0.029975676301156304
-0.029984789030014912
-0.02999389891000902
-0.03000300594086576
-0.030012110122312304
-0.030021211454075825
-0.03003030993588349
-0.030039405567462426
-0.030048498348539867
-0.030057588278842893
-0.0300666753580987
-0.03007575958603445
-0.03008484096237728
-0.030093919486854383
-0.030102995159192927
-0.030112067979120045
-0.03012113794636289
-0.030130205060648646
-0.030139269321704507
-0.03014833072925756
-0.03015738928303504
-0.030166444982764003
-0.03017549782817174
-0.03018454781898533
-0.030193594954931968
-0.03020263923573879
-0.030211680661132966
-0.03022071923084028
-0.03022975494458094
-0.03023878780207387
-0.030247817803037827
-0.03025684494719171
-0.030265869234254367
-0.030274890663944624
-0.030283909235981347
-0.030292924950083396
-0.030301937805969566
-0.03031094780335881
-0.030319954941969866
-0.030328959221521637
-0.030337960641732997
-0.030346959202322752
-0.03035595490300973
-0.030364947743512817
-0.030373937723550903
-0.030382924842842784
-0.03039190910110731
-0.030400890498063365
-0.030409869033429737
-0.030418844706925307
-0.030427817518268924
-0.03043678746717949
-0.030445754553375753
-0.030454718776576642
-0.030463680136500977
-0.0304726386328676
-0.03048159426539537
-0.030490547033803144
-0.030499496937809747
-0.030508443977134068
-0.03051738815149492
-0.03052632946061118
-0.03053526790420165
-0.030544203481985183
-0.030553136193680726
-0.030562066039007046
-0.03057099301768299
-0.030579917129427415
-0.03058883837395918
-0.03059775675099714
-0.030606672260260117
-0.030615584901467003
-0.030624494674336606
-0.03063340157858779
-0.030642305613939422
-0.030651206780110327
-0.030660105076819363
-0.030669000503785376
-0.03067789306072722
-0.030686782747363736
-0.030695669563413797
-0.03070455350859623
-0.03071343458262989
-0.030722312785233602
-0.030731188116126275
-0.030740060575026665
-0.030748930161653726
-0.030757796875726252
-0.030766660716963108
-0.030775521685083122
-0.03078437977980514
-0.03079323500084803
-0.030802087347930673
-0.03081093682077185
-0.030819783419090467
-0.030828627142605328
-0.030837467991035334
-0.03084630596409926
-0.030855141061516038
-0.030863973283004453
-0.03087280262828337
-0.030881629097071685
-0.030890452689088202
-0.03089927340405175
-0.030908091241681236
-0.03091690620169546
-0.03092571828381333
-0.03093452748775361
-0.030943333813235215
-0.03095213725997699
-0.030960937827697748
-0.030969735516116356
-0.03097853032495169
-0.03098732225392257
-0.030996111302747823
-0.03100489747114634
-0.03101368075883696
-0.031022461165538563
-0.03103123869096992
-0.03104001333484992
-0.031048785096897437
-0.031057553976831305
-0.031066319974370336
-0.03107508308923344
-0.03108384332113944
-0.031092600669807163
-0.03110135513495548
-0.031110106716303234
-0.031118855413569308
-0.031127601226472495
-0.031136344154731675
-0.031145084198065713
-0.031153821356193424
-0.031162555628833646
-0.0311712870157053
-0.03118001551652716
-0.0311887411310181
-0.031197463858896962
-0.03120618369988264
-0.03121490065369394
-0.031223614720049697
-0.031232325898668815
-0.031241034189270083
-0.031249739591572415
-0.03125844210529459
-0.0312671417301555
-0.03127583846587399
-0.0312845323121689
-0.031293223268759114
-0.03130191133536344
-0.03131059651170072
-0.03131927879748982
-0.031327958192449594
-0.03133663469629891
-0.031345308308756585
-0.031353979029541464
-0.03136264685837243
-0.031371311794968285
-0.03137997383904795
-0.031388632990330206
-0.03139728924853394
-0.031405942613377986
-0.03141459308458118
-0.03142324066186238
-0.031431885344940465
-0.03144052713353426
-0.03144916602736261
-0.03145780202614437
-0.03146643512959838
-0.031475065337443514
-0.03148369264939859
-0.03149231706518248
-0.031500938584514034
-0.03150955720711208
-0.03151817293269549
-0.031526785760983084
-0.03153539569169375
-0.0315440027245463
-0.03155260685925961
-0.03156120809555253
-0.0315698064331439
-0.03157840187175256
-0.031586994411097365
-0.031595584050897164
-0.03160417079087084
-0.03161275463073719
-0.03162133557021506
-0.031629913609023355
-0.03163848874688088
-0.03164706098350651
-0.03165563031861907
-0.031664196751937435
-0.031672760283180425
-0.03168132091206693
-0.031689878638315745
-0.031698433461645734
-0.03170698538177577
-0.03171553439842473
-0.031724080511311384
-0.03173262372015465
-0.03174116402467333
-0.03174970142458632
-0.03175823591961242
-0.03176676750947049
-0.03177529619387942
-0.031783821972558024
-0.031792344845225154
-0.03180086481159965
-0.03180938187140038
-0.031817896024346176
-0.03182640727015592
-0.03183491560854842
-0.03184342103924255
-0.03185192356195715
-0.0318604231764111
-0.03186891988232318
-0.031877413679412325
-0.03188590456739732
-0.031894392545997026
-0.031902877614930325
-0.031911359773916
-0.031919839022672994
-0.031928315360920057
-0.03193678878837614
-0.031945259304760006
-0.03195372690979053
-0.03196219160318657
-0.031970653384666974
-0.03197911225395058
-0.03198756821075627
-0.03199602125480287
-0.032004471385809224
-0.03201291860349418
-0.03202136290757661
-0.03202980429777532
-0.03203824277380921
-0.0320466783353971
-0.03205511098225784
-0.03206354071411029
-0.03207196753067329
-0.032080391431665675
-0.032088812416806355
-0.032097230485814095
-0.03210564563840779
-0.0321140578743063
-0.03212246719322847
-0.03213087359489311
-0.03213927707901912
-0.032147677645325314
-0.03215607529353058
-0.03216447002335369
-0.03217286183451355
-0.032181250726729047
-0.03218963669971896
-0.03219801975320218
-0.0322063998868975
-0.03221477710052386
-0.032223151393800054
-0.032231522766444906
-0.03223989121817733
-0.03224825674871609
-0.032256619357780146
-0.032264979045088266
-0.0322733358103593
-0.03228168965331212
-0.0322900405736656
-0.03229838857113854
-0.03230673364544982
-0.03231507579631828
-0.03232341502346277
-0.03233175132660214
-0.03234008470545525
-0.03234841515974093
-0.03235674268917799
-0.0323650672934854
-0.0323733889723819
-0.03238170772558638
-0.03239002355281767
-0.03239833645379464
-0.032406646428236145
-0.03241495347586101
-0.03242325759638809
-0.032431558789536276
-0.03243985705502435
-0.03244815239257119
-0.03245644480189565
-0.03246473428271659
-0.03247302083475283
-0.03248130445772326
-0.032489585151346666
-0.03249786291534196
-0.03250613774942796
-0.03251440965332354
-0.032522678626747514
-0.03253094466941875
-0.03253920778105609
-0.03254746796137839
-0.032555725210104504
-0.03256397952695328
-0.03257223091164356
-0.03258047936389419
-0.03258872488342402
-0.032596967469951915
-0.03260520712319672
-0.03261344384287726
-0.0326216776287124
-0.03262990848042101
-0.032638136397721916
-0.032646361380333964
-0.03265458342797602
-0.03266280254036692
-0.032671018717225504
-0.03267923195827065
-0.032687442263221185
-0.03269564963179598
-0.03270385406371385
-0.03271205555869367
-0.03272025411645428
-0.03272844973671453
-0.03273664241919328
-0.03274483216360936
-0.03275301896968165
-0.03276120283712895
-0.03276938376567016
-0.032777561755024116
-0.03278573680490962
-0.03279390891504559
-0.032802078085150836
-0.0328102443149442
-0.03281840760414456
-0.03282656795247077
-0.03283472535964163
-0.03284287982537604
-0.032851031349392816
-0.03285917993141084
-0.032867325571148936
-0.03287546826832597
-0.03288360802266076
-0.03289174483387218
-0.03289987870167909
-0.0329080096258003
-0.032916137605954694
-0.03292426264186114
-0.03293238473323841
-0.03294050387980545
-0.03294862008128102
-0.03295673333738402
-0.032964843647833315
-0.0329729510123477
-0.03298105543064606
-0.03298915690244723
-0.032997255427470104
-0.03300535100543344
-0.03301344363605616
-0.03302153331905713
-0.033029620054155114
-0.033037703841069035
-0.0330457846795177
-0.03305386256921999
-0.03306193750989471
-0.03307000950126079
-0.03307807854303698
-0.033086144634942215
-0.03309420777669528
-0.033102267968015076
-0.03311032520862039
-0.03311837949823013
-0.03312643083656314
-0.03313447922333823
-0.033142524658274275
-0.03315056714109011
-0.03315860667150464
-0.03316664324923662
-0.03317467687400499
-0.033182707545528524
-0.03319073526352612
-0.033198760027716614
-0.03320678183781886
-0.03321480069355167
-0.033222816594633935
-0.033230829540784546
-0.033238839531722214
-0.03324684656716592
-0.03325485064683446
-0.033262851770446696
-0.033270849937721496
-0.033278845148377666
-0.033286837402134055
-0.03329482669870954
-0.03330281303782297
-0.03331079641919317
-0.03331877684253901
-0.03332675430757934
-0.03333472881403299
-0.03334270036161883
-0.033350668950055715
-0.03335863457906248
-0.03336659724835797
-0.03337455695766102
-0.03338251370669052
-0.033390467495165305
-0.0333984183228042
-0.033406366189326075
-0.03341431109444976
-0.03342225303789413
-0.03343019201937805
-0.033438128038620306
-0.03344606109533979
-0.03345399118925539
-0.033461918320085854
-0.03346984248755012
-0.03347776369136699
-0.03348568193125533
-0.03349359720693398
-0.03350150951812182
-0.03350941886453767
-0.03351732524590038
-0.03352522866192879
-0.033533129112341784
-0.03354102659685819
-0.03354892111519684
-0.03355681266707662
-0.03356470125221634
-0.0335725868703349
-0.033580469521151124
-0.03358834920438382
-0.03359622591975188
-0.033604099666974155
-0.033611970445769496
-0.03361983825585674
-0.03362770309695472
-0.03363556496878232
-0.03364342387105836
-0.033651279803501695
-0.033659132765831205
-0.03366698275776571
-0.03367482977902408
-0.03368267382932511
-0.03369051490838772
-0.0336983530159307
-0.03370618815167296
-0.03371402031533329
-0.033721849506630555
-0.033729675725283625
-0.03373749897101135
-0.0337453192435326
-0.033753136542566134
-0.033760950867830854
-0.03376876221904566
-0.03377657059592934
-0.033784375998200736
-0.03379217842557873
-0.03379997787778217
-0.03380777435452991
-0.03381556785554079
-0.03382335838053362
-0.0338311459292273
-0.03383893050134066
-0.03384671209659256
-0.03385449071470185
-0.03386226635538734
-0.03387003901836792
-0.03387780870336246
-0.03388557541008976
-0.033893339138268676
-0.03390109988761807
-0.03390885765785682
-0.03391661244870366
-0.03392436425987761
-0.03393211309109743
-0.033939858942081944
-0.033947601812550035
-0.03395534170222055
-0.03396307861081235
-0.033970812538044265
-0.03397854348363513
-0.03398627144730382
-0.03399399642876918
-0.034001718427750065
-0.03400943744396532
-0.03401715347713379
-0.03402486652697432
-0.03403257659320575
-0.034040283675546956
-0.034047987773716766
-0.03405568888743406
-0.034063387016417625
-0.03407108216038637
-0.03407877431905915
-0.03408646349215474
-0.03409414967939206
-0.03410183288048996
-0.034109513095167236
-0.03411719032314275
-0.034124864564135396
-0.034132535817864025
-0.0341402040840474
-0.03414786936240445
-0.03415553165265402
-0.03416319095451493
-0.034170847267706035
-0.03417850059194616
-0.03418615092695423
-0.034193798272449026
-0.03420144262814942
-0.034209083993774266
-0.03421672236904239
-0.03422435775367268
-0.03423199014738395
-0.03423961954989507
-0.03424724596092487
-0.03425486938019223
-0.03426248980741596
-0.03427010724231494
-0.03427772168460802
-0.03428533313401402
-0.03429294159025181
-0.034300547053040226
-0.03430814952209815
-0.03431574899714439
-0.034323345477897824
-0.03433093896407732
-0.034338529455401647
-0.03434611695158973
-0.034353701452360386
-0.03436128295743248
-0.03436886146652485
-0.034376436979356356
-0.03438400949564584
-0.03439157901511213
-0.03439914553747414
-0.03440670906245062
-0.03441426958976052
-0.03442182711912262
-0.03442938165025577
-0.03443693318287889
-0.03444448171671077
-0.03445202725147025
-0.03445956978687622
-0.03446710932264751
-0.03447464585850295
-0.0344821793941614
-0.03448970992934174
-0.034497237463762806
-0.03450476199714341
-0.03451228352920245
-0.03451980205965874
-0.034527317588231146
-0.03453483011463852
-0.03454233963859971
-0.03454984615983353
-0.03455734967805892
-0.03456485019299462
-0.03457234770435954
-0.03457984221187253
-0.03458733371525238
-0.03459482221421804
-0.034602307708488295
-0.03460979019778201
-0.034617269681817976
-0.034624746160315155
-0.03463221963299231
-0.03463969009956832
-0.034647157559762026
-0.0346546220132923
-0.03466208345987793
-0.03466954189923787
-0.03467699733109088
-0.034684449755155805
-0.03469189917115155
-0.03469934557879694
-0.034706788977810814
-0.03471422936791206
-0.03472166674881947
-0.03472910112025194
-0.0347365324819283
-0.034743960833567386
-0.034751386174888106
-0.0347588085056092
-0.034766227825449615
-0.03477364413412816
-0.03478105743136369
-0.03478846771687506
-0.034795874990381094
-0.03480327925160072
-0.03481068050025269
-0.034818078736055885
-0.034825473958729175
-0.03483286616799139
-0.0348402553635614
-0.03484764154515803
-0.034855024712500154
-0.03486240486530657
-0.0348697820032962
-0.03487715612618781
-0.034884527233700315
-0.034891895325552556
-0.03489926040146338
-0.03490662246115163
-0.03491398150433612
-0.034921337530735744
-0.03492869054006936
-0.034936040532055776
-0.034943387506413875
-0.034950731462862455
-0.03495807240112044
-0.03496541032090662
-0.03497274522193989
-0.03498007710393907
-0.03498740596662302
-0.034994731809710564
-0.03500205463292058
-0.0350093744359719
-0.03501669121858339
-0.0350240049804739
-0.035031315721362276
-0.035038623440967344
-0.03504592813900796
-0.03505322981520299
-0.035060528469271275
-0.03506782410093167
-0.03507511670990304
-0.03508240629590418
-0.035089692858654015
-0.03509697639787129
-0.03510425691327497
-0.03511153440458385
-0.03511880887151677
-0.03512608031379259
-0.03513334873113015
-0.03514061412324831
-0.035147876489865934
-0.035155135830701845
-0.03516239214547488
-0.03516964543390396
-0.03517689569570785
-0.03518414293060543
-0.035191387138315544
-0.03519862831855708
-0.03520586647104885
-0.035213101595509694
-0.035220333691658515
-0.035227562759214064
-0.03523478879789529
-0.035242011807421016
-0.03524923178751005
-0.03525644873788129
-0.035263662658253536
-0.03527087354834568
-0.035278081407876576
-0.03528528623656504
-0.03529248803412995
-0.035299686800290095
-0.03530688253476441
-0.035314075237271716
-0.03532126490753084
-0.035328451545260625
-0.03533563515017995
-0.03534281572200764
-0.035349993260462585
-0.03535716776526354
-0.035364339236129506
-0.03537150767277918
-0.03537867307493149
-0.03538583544230531
-0.0353929947746194
-0.035400151071592695
-0.035407304332944
-0.035414454558392164
-0.03542160174765603
-0.03542874590045448
-0.03543588701650634
-0.035443025095530475
-0.03545016013724574
-0.03545729214137095
-0.03546442110762496
-0.035471547035726664
-0.03547866992539486
-0.03548578977634843
-0.03549290658830621
-0.035500020360987046
-0.03550713109410975
-0.03551423878739328
-0.035521343440556366
-0.035528445053317925
-0.035535543625396786
-0.03554263915651179
-0.035549731646381845
-0.03555682109472571
-0.035563907501262274
-0.035570990865710396
-0.035578071187788926
-0.035585148467216714
-0.035592222703712595
-0.03559929389699542
-0.03560636204678403
-0.03561342715279729
-0.03562048921475408
-0.03562754823237321
-0.0356346042053735
-0.03564165713347386
-0.035648707016393076
-0.03565575385385007
-0.035662797645563654
-0.03566983839125267
-0.03567687609063597
-0.03568391074343241
-0.03569094234936085
-0.03569797090814013
-0.03570499641948908
-0.03571201888312656
-0.03571903829877143
-0.03572605466614255
-0.035733067984958754
-0.03574007825493886
-0.03574708547580178
-0.035754089647266334
-0.03576109076905134
-0.035768088840875845
-0.03577508386245906
-0.035782075833518695
-0.03578906475377234
-0.03579605062293734
-0.035803033440731186
-0.03581001320687125
-0.03581698992107508
-0.035823963583060024
-0.03583093419254352
-0.035837901749243076
-0.03584486625287605
-0.035851827703159964
-0.035858786099812225
-0.03586574144255022
-0.03587269373109145
-0.03587964296515332
-0.035886589144453335
-0.03589353226870883
-0.03590047233763734
-0.03590740935095627
-0.035914343308383015
-0.03592127420963508
-0.035928202054429856
-0.03593512684248482
-0.0359420485735174
-0.03594896724724504
-0.03595588286338513
-0.035962795421655196
-0.03596970492177261
-0.035976611363454813
-0.03598351474641929
-0.035990415070383426
-0.03599731233506474
-0.03600420654018058
-0.03601109768544843
-0.036017985770585764
-0.03602487079530995
-0.03603175275933845
-0.036038631662388715
-0.036045507504178224
-0.03605238028442434
-0.03605925000284454
-0.036066116659156246
-0.03607298025307696
-0.03607984078432403
-0.03608669825261494
-0.036093552657667144
-0.036100403999198075
-0.036107252276925156
-0.036114097490565836
-0.036120939639837535
-0.03612777872445775
-0.03613461474414383
-0.036141447698613306
-0.036148277587583585
-0.036155104410772056
-0.03616192816789623
-0.0361687488586735
-0.03617556648282133
-0.036182381040057145
-0.03618919253009842
-0.036196000952662524
-0.03620280630746697
-0.03620960859422918
-0.036216407812666544
-0.03622320396249653
-0.036229997043436594
-0.036236787055204195
-0.0362435739975167
-0.03625035787009161
-0.03625713867264635
-0.03626391640489836
-0.036270691066565074
-0.03627746265736391
-0.036284231177011864
-0.03629099662522407
-0.03629775900171519
-0.03630451830619983
-0.03631127453839265
-0.03631802769800838
-0.03632477778476158
-0.03633152479836695
-0.036338268738539146
-0.03634500960499281
-0.03635174739744256
-0.03635848211560317
-0.03636521375918918
-0.03637194232791528
-0.03637866782149612
-0.03638539023964633
-0.03639210958208063
-0.036398825848513616
-0.03640553903865999
-0.03641224915223437
-0.03641895618895142
-0.036425660148525774
-0.03643236103067211
-0.036439058835105106
-0.03644575356153934
-0.03645244520968957
-0.03645913377927036
-0.03646581926999641
-0.036472501681582385
-0.036479181013742874
-0.0364858572661926
-0.036492530438646205
-0.03649920053081831
-0.03650586754242359
-0.03651253147317672
-0.03651919232279235
-0.036525850090985065
-0.03653250477746961
-0.0365391563819606
-0.03654580490417268
-0.03655245034382052
-0.036559092700618766
-0.0365657319742821
-0.036572368164525144
-0.03657900127106254
-0.036585631293608985
-0.036592258231879095
-0.03659888208558756
-0.036605502854449
-0.036612120538178076
-0.03661873513648948
-0.036625346649097834
-0.03663195507571777
-0.03663856041606397
-0.03664516266985111
-0.03665176183679383
-0.03665835791660675
-0.03666495090900457
-0.0366715408137019
-0.03667812763041343
-0.0366847113588538
-0.03669129199873768
-0.03669786954977968
-0.03670444401169449
-0.036711015384196764
-0.03671758366700119
-0.03672414885982237
-0.03673071096237492
-0.0367372699743736
-0.03674382589553299
-0.03675037872556776
-0.03675692846419258
-0.03676347511112208
-0.03677001866607096
-0.03677655912875381
-0.03678309649888533
-0.03678963077618017
-0.036796161960352965
-0.036802690051118386
-0.03680921504819108
-0.03681573695128571
-0.036822255760116926
-0.036828771474399356
-0.0368352840938477
-0.03684179361817659
-0.03684830004710065
-0.0368548033803346
-0.03686130361759315
-0.03686780075859149
-0.036874294803044945
-0.036880785750668776
-0.036887273601178314
-0.03689375835428886
-0.03690024000971567
-0.03690671856717406
-0.03691319402637932
-0.036919666387046746
-0.03692613564889166
-0.036932601811629315
-0.03693906487497506
-0.036945524838644134
-0.03695198170235185
-0.03695843546581351
-0.03696488612874443
-0.036971333690860884
-0.03697777815188341
-0.036984219511533446
-0.03699065776953251
-0.0369970929256021
-0.03700352497946374
-0.03700995393083885
-0.03701637977944904
-0.037022802525015705
-0.03702922216726041
-0.03703563870590462
-0.037042052140669864
-0.03704846247127758
-0.03705486969744932
-0.03706127381890657
-0.03706767483537082
-0.03707407274656359
-0.0370804675522063
-0.03708685925202057
-0.03709324784572781
-0.037099633333049525
-0.037106015713707245
-0.03711239498742247
-0.03711877115391665
-0.03712514421291133
-0.037131514164128014
-0.03713788100728812
-0.03714424474211326
-0.037150605368324825
-0.03715696288564438
-0.037163317293793435
-0.037169668592490115
-0.03717601678143945
-0.03718236186034309
-0.037188703828902735
-0.037195042686820015
-0.03720137843379662
-0.03720771106953421
-0.037214040593734475
-0.0372203670060991
-0.037226690306329704
-0.037233010494128006
-0.037239327569195645
-0.03724564153123432
-0.037251952379945684
-0.03725826011503145
-0.037264564736193204
-0.03727086624313266
-0.03727716463555153
-0.037283459913151434
-0.03728975207563408
-0.03729604112270111
-0.037302327054054174
-0.037308609869394986
-0.03731488956842525
-0.03732116615084656
-0.037327439616360605
-0.03733370996466907
-0.03733997719547368
-0.037346241308476004
-0.03735250230337776
-0.03735876017988064
-0.03736501493768628
-0.037371266576496386
-0.0373775150960126
-0.03738376049593662
-0.03739000277597011
-0.03739624193581469
-0.037402477975172155
-0.03740871089374402
-0.037414940691232045
-0.03742116736733792
-0.037427390921763254
-0.03743361135420974
-0.0374398286643791
-0.03744604285197294
-0.037452253916692935
-0.03745846185824083
-0.037464666676318197
-0.037470868370626756
-0.037477066940868206
-0.03748326238674417
-0.037489454707956345
-0.03749564390420637
-0.03750182997519595
-0.03750801292062675
-0.03751419274020042
-0.03752036943361868
-0.03752654300058314
-0.03753271344079555
-0.03753888075395746
-0.03754504493977067
-0.03755120599793678
-0.037557363928157485
-0.03756351873013441
-0.03756967040356928
-0.03757581894816378
-0.03758196436361953
-0.03758810664963822
-0.037594245805921515
-0.03760038183217109
-0.037606514728088666
-0.03761264449337586
-0.03761877112773432
-0.03762489463086575
-0.03763101500247185
-0.037637132242254234
-0.03764324634991465
-0.037649357325154675
-0.037655465167676046
-0.037661569877180404
-0.03766767145336944
-0.03767376989594481
-0.0376798652046082
-0.03768595737906127
-0.03769204641900568
-0.03769813232414313
-0.03770421509417527
-0.037710294728803766
-0.03771637122773035
-0.03772244459065658
-0.03772851481728424
-0.03773458190731493
-0.03774064586045037
-0.037746706676392155
-0.03775276435484208
-0.03775881889550166
-0.0377648702980727
-0.037770918562256825
-0.03777696368775567
-0.03778300567427095
-0.037789044521504334
-0.03779508022915747
-0.03780111279693205
-0.03780714222452975
-0.03781316851165222
-0.03781919165800113
-0.03782521166327817
-0.03783122852718501
-0.0378372422494233
-0.037843252829694723
-0.037849260267700975
-0.03785526456314368
-0.037861265715724575
-0.037867263725145234
-0.03787325859110745
-0.03787925031331279
-0.03788523889146296
-0.03789122432525961
-0.037897206614404495
-0.03790318575859921
-0.03790916175754545
-0.037915134610944826
-0.03792110431849915
-0.03792707087990995
-0.03793303429487895
-0.037938994563107856
-0.037944951684298324
-0.03795090565815196
-0.03795685648437053
-0.03796280416265563
-0.03796874869270901
-0.0379746900742322
-0.03798062830692704
-0.03798656339049511
-0.03799249532463809
-0.03799842410905766
-0.0380043497434555
-0.038010272227533254
-0.03801619156099263
-0.038022107743535254
-0.03802802077486282
-0.038033930654677015
-0.038039837382679506
-0.03804574095857195
-0.03805164138205603
-0.038057538652833386
-0.03806343277060576
-0.03806932373507475
-0.03807521154594206
-0.03808109620290932
-0.03808697770567831
-0.03809285605395055
-0.038098731247427825
-0.038104603285811785
-0.03811047216880409
-0.03811633789610638
-0.03812220046742039
-0.03812805988244772
-0.038133916140890095
-0.03813976924244915
-0.03814561918682661
-0.03815146597372408
-0.038157309602843276
-0.038163150073885856
-0.03816898738655349
-0.03817482154054786
-0.03818065253557062
-0.038186480371323446
-0.03819230504750798
-0.03819812656382596
-0.038203944919979055
-0.03820976011566885
-0.0382155721505971
-0.03822138102446543
-0.03822718673697555
-0.03823298928782907
-0.03823878867672771
-0.038244584903373166
-0.03825037796746703
-0.038256167868711055
-0.03826195460680685
-0.03826773818145614
-0.03827351859236054
-0.03827929583922174
-0.038285069921741445
-0.03829084083962129
-0.03829660859256298
-0.03830237318026811
-0.03830813460243845
-0.03831389285877563
-0.0383196479489813
-0.038325399872757154
-0.038331148629804884
-0.038336894219826105
-0.03834263664252253
-0.03834837589759578
-0.03835411198474761
-0.03835984490367965
-0.03836557465409355
-0.03837130123569099
-0.03837702464817367
-0.03838274489124324
-0.03838846196460134
-0.03839417586794974
-0.03839988660098999
-0.038405594163423845
-0.03841129855495289
-0.038416999775278925
-0.038422697824103506
-0.038428392701128376
-0.03843408440605518
-0.03843977293858559
-0.03844545829842127
-0.03845114048526388
-0.03845681949881512
-0.03846249533877664
-0.03846816800485014
-0.03847383749673726
-0.03847950381413968
-0.038485166956759076
-0.03849082692429711
-0.03849648371645548
-0.03850213733293583
-0.03850778777343983
-0.03851343503766921
-0.03851907912532552
-0.03852472003611052
-0.03853035776972588
-0.038535992325873264
-0.038541623704254326
-0.038547251904570756
-0.03855287692652418
-0.03855849876981637
-0.03856411743414886
-0.03856973291922343
-0.0385753452247417
-0.03858095435040538
-0.03858656029591609
-0.03859216306097556
-0.03859776264528538
-0.03860335904854733
-0.03860895227046299
-0.03861454231073406
-0.03862012916906224
-0.038625712845149145
-0.03863129333869652
-0.03863687064940592
-0.03864244477697913
-0.03864801572111779
-0.03865358348152356
-0.038659148057898114
-0.03866470944994311
-0.03867026765736024
-0.03867582267985116
-0.038681374517117555
-0.03868692316886109
-0.038692468634783435
-0.038698010914586266
-0.03870355000797126
-0.03870908591464006
-0.03871461863429435
-0.03872014816663582
-0.03872567451136612
-0.03873119766818696
-0.038736717636799936
-0.03874223441690679
-0.038747748008209175
-0.03875325841040872
-0.038758765623207195
-0.03876426964630614
-0.038769770479407314
-0.038775268122212395
-0.03878076257442302
-0.03878625383574084
-0.03879174190586757
-0.038797226784504875
-0.03880270847135439
-0.03880818696611784
-0.038813662268496855
-0.038819134378193114
-0.038824603294908284
-0.03883006901834406
-0.038835531548202115
-0.0388409908841841
-0.03884644702599166
-0.03885189997332656
-0.03885734972589035
-0.03886279628338477
-0.038868239645511525
-0.0388736798119722
-0.03887911678246851
-0.03888455055670215
-0.03888998113437475
-0.03889540851518801
-0.038900832698843535
-0.038906253685043135
-0.03891167147348836
-0.03891708606388089
-0.03892249745592244
-0.038927905649314656
-0.038933310643759246
-0.03893871243895785
-0.03894411103461213
-0.03894950643042376
-0.038954898626094456
-0.03896028762132582
-0.03896567341581955
-0.03897105600927739
-0.038976435401400895
-0.03898181159189181
-0.03898718458045175
-0.03899255436678245
-0.038997920950585546
-0.039003284331562714
-0.039008644509415616
-0.03901400148384595
-0.03901935525455573
-0.03902470582124848
-0.03903005318362809
-0.03903539734139839
-0.039040738294263314
-0.039046076041926725
-0.039051410584092505
-0.03905674192046453
-0.039062070050746675
-0.03906739497464284
-0.03907271669185687
-0.03907803520209266
-0.03908335050505414
-0.039088662600445113
-0.03909397148796948
-0.03909927716733114
-0.039104579638233994
-0.03910987890038187
-0.039115174953478625
-0.03912046779722826
-0.03912575743133454
-0.03913104385550142
-0.039136327069432715
-0.03914160707283231
-0.039146883865404145
-0.039152157446852034
-0.0391574278168799
-0.03916269497519161
-0.03916795892149106
-0.0391732196554821
-0.03917847717686865
-0.0391837314853545
-0.03918898258064365
-0.03919423046243986
-0.0391994751304471
-0.03920471658436927
-0.03920995482391017
-0.03921518984877371
-0.03922042165866377
-0.039225650253284214
-0.039230875632338985
-0.039236097795531846
-0.03924131674256681
-0.03924653247314766
-0.039251744986978365
-0.03925695428376272
-0.039262160363204596
-0.039267363225007956
-0.03927256286887661
-0.03927775929451449
-0.03928295250162544
-0.03928814248991336
-0.03929332925908212
-0.03929851280883559
-0.039303693138877625
-0.03930887024891221
-0.03931404413864313
-0.039319214807774276
-0.03932438225600953
-0.03932954648305287
-0.0393347074886085
-0.03933986527238062
-0.03934501983407354
-0.03935017117339155
-0.0393553192900389
-0.03936046418371984
-0.03936560585413865
-0.03937074430099958
-0.0393758795240069
-0.03938101152286491
-0.03938614029727785
-0.039391265846950026
-0.039396388171585625
-0.03940150727088901
-0.039406623144564376
-0.039411735792316
-0.03941684521384815
-0.039421951408865126
-0.03942705437707122
-0.039432154118170595
-0.03943725063186755
-0.03944234391786642
-0.03944743397587144
-0.03945252080558685
-0.03945760440671692
-0.03946268477896595
-0.0394677619220382
-0.0394728358356379
-0.03947790651946936
-0.03948297397323679
-0.039488038196644565
-0.03949309918939683
-0.039498156951197946
-0.0395032114817521
-0.039508262780763616
-0.039513310847936745
-0.03951835568297574
-0.03952339728558487
-0.03952843565546845
-0.039533470792330654
-0.03953850269587585
-0.03954353136580825
-0.03954855680183213
-0.03955357900365175
-0.03955859797097141
-0.0395636137034953
-0.03956862620092776
-0.03957363546297303
-0.039578641489335396
-0.03958364427971912
-0.039588643833828444
-0.03959364015136764
-0.039598633232040985
-0.03960362307555277
-0.03960860968160723
-0.03961359304990865
-0.039618573180161265
-0.039623550072069386
-0.03962852372533724
-0.03963349413966911
-0.03963846131476929
-0.03964342525034202
-0.03964838594609158
-0.03965334340172217
-0.039658297616938176
-0.03966324859144377
-0.03966819632494326
-0.03967314081714089
-0.03967808206774095
-0.03968302007644773
-0.039687954842965445
-0.03969288636699835
-0.0396978146482508
-0.03970273968642698
-0.03970766148123119
-0.03971258003236766
-0.03971749533954071
-0.03972240740245458
-0.03972731622081355
-0.0397322217943219
-0.03973712412268384
-0.03974202320560366
-0.039746919042785676
-0.03975181163393412
-0.0397567009787532
-0.03976158707694733
-0.03976646992822064
-0.03977134953227743
-0.03977622588882201
-0.03978109899755857
-0.039785968858191495
-0.03979083547042497
-0.03979569883396322
-0.03980055894851061
-0.03980541581377137
-0.03981026942944972
-0.03981511979524999
-0.03981996691087644
-0.039824810776033295
-0.039829651390424874
-0.03983448875375541
-0.03983932286572916
-0.03984415372605044
-0.03984898133442345
-0.03985380569055252
-0.0398586267941419
-0.039863444644895794
-0.03986825924251858
-0.03987307058671446
-0.03987787867718767
-0.039882683513642554
-0.03988748509578333
-0.039892283423314266
-0.039897078495939604
-0.03990187031336372
-0.03990665887529078
-0.039911444181425046
-0.03991622623147084
-0.039921005025132385
-0.039925780562114016
-0.039930552842119944
-0.03993532186485441
-0.039940087630021735
-0.03994485013732616
-0.03994960938647196
-0.03995436537716339
-0.03995911810910474
-0.03996386758200026
-0.03996861379555423
-0.0399733567494709
-0.03997809644345454
-0.03998283287720943
-0.03998756605043983
-0.03999229596285001
-0.039997022614144215
-0.04000174600402677
-0.04000646613220185
-0.040011182998373786
-0.040015896602246866
-0.04002060694352528
-0.0400253140219134
-0.04003001783711537
-0.040034718388835544
-0.04003941567677818
-0.040044109700647486
-0.04004880046014783
-0.04005348795498338
-0.040058172184858465
-0.0400628531494773
-0.0400675308485442
-0.040072205281763425
-0.04007687644883923
-0.040081544349475855
-0.04008620898337765
-0.040090870350248796
-0.04009552844979359
-0.04010018328171629
-0.04010483484572121
-0.04010948314151259
-0.04011412816879463
-0.04011876992727169
-0.040123408416647986
-0.0401280436366278
-0.040132675586915426
-0.04013730426721507
-0.04014192967723107
-0.04014655181666764
-0.04015117068522904
-0.04015578628261961
-0.04016039860854354
-0.040165007662705136
-0.040169613444808655
-0.04017421595455834
-0.040178815191658494
-0.040183411155813364
-0.040188003846727244
-0.040192593264104376
-0.040197179407649004
-0.04020176227706544
-0.040206341872057946
-0.04021091819233075
-0.040215491237588184
-0.04022006100753444
-0.04022462750187382
-0.04022919072031066
-0.04023375066254908
-0.04023830732829349
-0.040242860717248065
-0.040247410829117064
-0.040251957663604815
-0.04025650122041556
-0.04026104149925361
-0.04026557849982314
-0.04027011222182849
-0.0402746426649739
-0.040279169828963624
-0.04028369371350196
-0.040288214318293145
-0.040292731643041466
-0.04029724568745118
-0.04030175645122658
-0.04030626393407191
-0.04031076813569142
-0.040315269055789374
-0.04031976669407011
-0.04032426105023781
-0.040328752123996815
-0.0403332399150513
-0.04033772442310564
-0.040342205647864025
-0.040346683589030756
-0.04035115824631007
-0.04035562961940623
-0.04036009770802358
-0.040364562511866285
-0.04036902403063869
-0.040373482264045024
-0.04037793721178958
-0.04038238887357656
-0.0403868372491103
-0.04039128233809505
-0.040395724140235095
-0.04040016265523463
-0.04040459788279801
-0.04040902982262945
-0.04041345847443322
-0.0404178838379136
-0.04042230591277486
-0.040426724698721224
-0.04043114019545705
-0.04043555240268652
-0.040439961320113946
-0.040444366947443584
-0.040448769284379675
-0.040453168330626545
-0.04045756408588838
-0.0404619565498695
-0.04046634572227421
-0.040470731602806696
-0.040475114191171245
-0.04047949348707216
-0.04048386949021367
-0.04048824220030007
-0.040492611617035594
-0.04049697774012459
-0.04050134056927122
-0.04050570010417977
-0.04051005634455457
-0.04051440929009986
-0.040518758940519886
-0.04052310529551887
-0.040527448354801245
-0.04053178811807111
-0.040536124585032744
-0.040540457755390516
-0.04054478762884863
-0.040549114205111376
-0.040553437483883
-0.04055775746486775
-0.040562074147769925
-0.040566387532293774
-0.040570697618143595
-0.04057500440502363
-0.04057930789263814
-0.040583608080691426
-0.0405879049688877
-0.040592198556931296
-0.04059648884452642
-0.040600775831377355
-0.04060505951718837
-0.04060933990166379
-0.0406136169845078
-0.04061789076542468
-0.04062216124411877
-0.04062642842029423
-0.040630692293655415
-0.04063495286390654
-0.040639210130751856
-0.040643464093895694
-0.04064771475304229
-0.0406519621078959
-0.04065620615816084
-0.04066044690354127
-0.04066468434374155
-0.040668918478465974
-0.0406731493074187
-0.040677376830304056
-0.040681601046826374
-0.04068582195668973
-0.04069003955959859
-0.04069425385525427
-0.04069846484334677
-0.040702672523563195
-0.04070687689559064
-0.04071107795911626
-0.040715275713827125
-0.040719470159410395
-0.040723661295553173
-0.04072784912194251
-0.0407320336382656
-0.04073621484420958
-0.04074039273946148
-0.040744567323708486
-0.040748738596637614
-0.0407529065579361
-0.040757071207290975
-0.040761232544389396
-0.04076539056891849
-0.040769545280565304
-0.04077369667901699
-0.04077784476396073
-0.04078198953508353
-0.04078613099207256
-0.040790269134614955
-0.04079440396239779
-0.04079853547510817
-0.04080266367243325
-0.04080678855406013
-0.04081091011967591
-0.040815028368967714
-0.04081914330162265
-0.0408232549173279
-0.04082736321577048
-0.040831468196637535
-0.04083556985961624
-0.04083966820439365
-0.04084376323065519
-0.04084785493807972
-0.0408519433263443
-0.04085602839512609
-0.04086011014410218
-0.04086418857294969
-0.04086826368134574
-0.04087233546896747
-0.040876403935491995
-0.04088046908059643
-0.0408845309039579
-0.04088858940525349
-0.04089264458416036
-0.0408966964403556
-0.04090074497351635
-0.040904790183319724
-0.04090883206944286
-0.04091287063156285
-0.04091690586935681
-0.040920937782501894
-0.04092496637067517
-0.04092899163355379
-0.04093301357081489
-0.04093703218213556
-0.040941047467192924
-0.04094505942566411
-0.04094906805722622
-0.040953073361556416
-0.04095707533833174
-0.04096107398722941
-0.0409650693079265
-0.04096906130010007
-0.0409730499634273
-0.04097703529758534
-0.04098101730225124
-0.040984995977102194
-0.04098897132181523
-0.04099294333606755
-0.04099691201953623
-0.041000877371898406
-0.041004839392831186
-0.04100879808201168
-0.04101275343911705
-0.04101670546382436
-0.04102065415581076
-0.04102459951475333
-0.041028541540329304
-0.041032480232215694
-0.04103641559008966
-0.04104034761362829
-0.04104427630250871
-0.04104820165640807
-0.041052123675003466
-0.041056042357972035
-0.04105995770499086
-0.04106386971573709
-0.04106777838988786
-0.04107168372712026
-0.0410755857271114
-0.041079484389538436
-0.041083379714078466
-0.04108727170040862
-0.04109116034820599
-0.04109504565714773
-0.04109892762691093
-0.04110280625717274
-0.041106681547610276
-0.04111055349790063
-0.04111442210772092
-0.04111828737674831
-0.04112214930465985
-0.04112600789113276
-0.041129863135844054
-0.04113371503847091
-0.041137563598690426
-0.04114140881617975
-0.04114525069061596
-0.04114908922167622
-0.04115292440903764
-0.04115675625237727
-0.041160584751372305
-0.04116440990569985
-0.04116823171503703
-0.04117205017906095
-0.041175865297449474
-0.041179677069883326
-0.04118348549604406
-0.04118729057561312
-0.04119109230827201
-0.04119489069370226
-0.04119868573158534
-0.041202477421602705
-0.04120626576343596
-0.041210050756766474
-0.041213832401275796
-0.041217610696645424
-0.04122138564255687
-0.04122515723869157
-0.041228925484731054
-0.04123269038035685
-0.04123645192525041
-0.04124021011909326
-0.04124396496156681
-0.041247716452352694
-0.04125146459113228
-0.04125520937758711
-0.041258950811398715
-0.04126268889224854
-0.04126642361981808
-0.041270154993788846
-0.04127388301384235
-0.04127760767966003
-0.04128132899092348
-0.041285046947314115
-0.0412887615485134
-0.0412924727942029
-0.04129618068406409
-0.041299885217778456
-0.041303586395027486
-0.041307284215492714
-0.04131097867885557
-0.04131466978479763
-0.0413183575330003
-0.04132204192314515
-0.041325722954913456
-0.04132940062798601
-0.041333074942043455
-0.0413367458967664
-0.04134041349183539
-0.04134407772693107
-0.041347738601734074
-0.041351396115925004
-0.041355050269184436
-0.04135870106119303
-0.04136234849163139
-0.0413659925601801
-0.04136963326651979
-0.04137327061033102
-0.04137690459129451
-0.041380535209090755
-0.04138416246340047
-0.04138778635390417
-0.04139140688028255
-0.041395024042216115
-0.041398637839385605
-0.04140224827147157
-0.04140585533815462
-0.04140945903911531
-0.04141305937403436
-0.04141665634259234
-0.041420249944469814
-0.041423840179347415
-0.041427427046905795
-0.04143101054682557
-0.04143459067878729
-0.04143816744247158
-0.04144174083755905
-0.04144531086373037
-0.04144887752066609
-0.04145244080804688
-0.04145600072555323
-0.04145955727286588
-0.04146311044966541
-0.04146666025563238
-0.041470206690447466
-0.041473749753791256
-0.0414772894453443
-0.04148082576478729
-0.041484358711800826
-0.041487888286065436
-0.04149141448726187
-0.04149493731507066
-0.04149845676917241
-0.04150197284924777
-0.04150548555497724
-0.04150899488604161
-0.041512500842121366
-0.041516003422897144
-0.041519502628049584
-0.04152299845725923
-0.0415264909102068
-0.04152997998657282
-0.04153346568603792
-0.04153694800828271
-0.041540426952987826
-0.04154390251983387
-0.04154737470850143
-0.0415508435186711
-0.041554308950023565
-0.04155777100223937
-0.041561229674999166
-0.041564684967983545
-0.04156813688087308
-0.04157158541334846
-0.04157503056509026
-0.04157847233577908
-0.04158191072509555
-0.041585345732720255
-0.041588777358333835
-0.041592205601616895
-0.04159563046225005
-0.04159905193991385
-0.04160247003428899
-0.041605884745056075
-0.04160929607189566
-0.04161270401448834
-0.04161610857251472
-0.04161950974565464
-0.041622907533587855
-0.041626301935994175
-0.04162969295255342
-0.04163308058294535
-0.041636464826849774
-0.041639845683946464
-0.04164322315391523
-0.04164659723643582
-0.04164996793118814
-0.04165333523785178
-0.04165669915610671
-0.041660059685632564
-0.041663416826109294
-0.04166677057721661
-0.04167012093863428
-0.0416734679100421
-0.04167681149111987
-0.04168015168154741
-0.041683488481004456
-0.04168682188917082
-0.04169015190572631
-0.04169347853035071
-0.04169680176272376
-0.04170012160252528
-0.041703438049435076
-0.04170675110313296
-0.041710060763298626
-0.04171336702961196
-0.041716669901752705
-0.041719969379400666
-0.041723265462235606
-0.04172655814993732
-0.04172984744218564
-0.041733133338660335
-0.041736415839041155
-0.041739694943007936
-0.041742970650240435
-0.041746242960418456
-0.041749511873221776
-0.04175277738833019
-0.041756039505423476
-0.04175929822418147
-0.041762553544283924
-0.04176580546541065
-0.04176905398724142
-0.041772299109455964
-0.04177554083173415
-0.04177877915375572
-0.04178201407520055
-0.04178524559574833
-0.04178847371507889
-0.04179169843287204
-0.0417949197488075
-0.04179813766256512
-0.041801352173824684
-0.041804563282265936
-0.041807770987568715
-0.04181097528941278
-0.04181417618747799
-0.041817373681443996
-0.04182056777099072
-0.04182375845579786
-0.04182694573554527
-0.0418301296099127
-0.04183331007857993
-0.0418364871412268
-0.04183966079753305
-0.0418428310471785
-0.041845997889842904
-0.041849161325206066
-0.04185232135294782
-0.04185547797274792
-0.04185863118428611
-0.04186178098724225
-0.041864927381296095
-0.04186807036612741
-0.04187120994141605
-0.04187434610684174
-0.041877478862084296
-0.041880608206823544
-0.04188373414073916
-0.04188685666351106
-0.04188997577481899
-0.041893091474342704
-0.04189620376176201
-0.04189931263675673
-0.0419024180990066
-0.041905520148191454
-0.04190861878399106
-0.0419117140060852
-0.04191480581415369
-0.04191789420787626
-0.04192097918693276
-0.04192406075100297
-0.04192713889976666
-0.04193021363290365
-0.04193328495009366
-0.041936352851016545
-0.04193941733535207
-0.041942478402780016
-0.04194553605298021
-0.04194859028563241
-0.04195164110041639
-0.041954688497011956
-0.041957732475098895
-0.04196077303435705
-0.04196381017446607
-0.04196684389510592
-0.04196987419595624
-0.04197290107669692
-0.04197592453700771
-0.041978944576568374
-0.041981961195058724
-0.041984974392158564
-0.04198798416754768
-0.04199099052090583
-0.041993993451912834
-0.041996992960248475
-0.0419999890455925
-0.04200298170762477
-0.042005970946025054
-0.0420089567604731
-0.04201193915064874
-0.042014918116231745
-0.04201789365690188
-0.042020865772338954
-0.042023834462222784
-0.042026799726233154
-0.04202976156404978
-0.042032719975352524
-0.04203567495982115
-0.0420386265171355
-0.042041574646975284
-0.04204451934902034
-0.0420474606229504
-0.04205039846844535
-0.04205333288518488
-0.0420562638728488
-0.042059191431116943
-0.042062115559669086
-0.04206503625818501
-0.04206795352634449
-0.04207086736382733
-0.04207377777031327
-0.04207668474548219
-0.04207958828901385
-0.04208248840058799
-0.0420853850798844
-0.04208827832658294
-0.042091168140363344
-0.04209405452090543
-0.04209693746788894
-0.04209981698099371
-0.042102693059899506
-0.04210556570428613
-0.04210843491383337
-0.04211130068822104
-0.04211416302712882
-0.04211702193023662
-0.042119877397224184
-0.04212272942777132
-0.042125578021557794
-0.04212842317826339
-0.042131264897567904
-0.04213410317915115
-0.04213693802269291
-0.042139769427872883
-0.042142597394371026
-0.04214542192186696
-0.04214824301004057
-0.04215106065857166
-0.042153874867139965
-0.042156685635425274
-0.042159492963107385
-0.04216229684986614
-0.042165097295381246
-0.04216789429933254
-0.04217068786139981
-0.04217347798126284
-0.04217626465860141
-0.04217904789309527
-0.04218182768442433
-0.04218460403226824
-0.04218737693630686
-0.04219014639622005
-0.04219291241169382
-0.04219567498244026
-0.04219843410817769
-0.04220118978862443
-0.04220394202349946
-0.04220669081252413
-0.04220943615542046
-0.04221217805191046
-0.04221491650171608
-0.04221765150455937
-0.042220383060162285
-0.042223111168246855
-0.042225835828535056
-0.04222855704074889
-0.042231274804610315
-0.04223398911984139
-0.04223669998616409
-0.04223940740330036
-0.042242111370972266
-0.0422448118889018
-0.04224750895681092
-0.04225020257442158
-0.042252892741455904
-0.0422555794576358
-0.042258262722683224
-0.04226094253632027
-0.04226361889826891
-0.042266291808251116
-0.042268961265988864
-0.042271627271204176
-0.04227428982361904
-0.04227694892295549
-0.04227960456893548
-0.04228225676128099
-0.04228490549971406
-0.04228755078395668
-0.042290192613730834
-0.04229283098875849
-0.042295465908761674
-0.04229809737346239
-0.04230072538258262
-0.04230334993584438
-0.04230597103296966
-0.042308588673680404
-0.04231120285769866
-0.042313813584746465
-0.04231642085454567
-0.04231902466681842
-0.0423216250212866
-0.042324221917672336
-0.04232681535569749
-0.042329405335084114
-0.04233199185555427
-0.04233457491682986
-0.04233715451863287
-0.042339730660685346
-0.04234230334270932
-0.042344872564426685
-0.042347438325559504
-0.04235000062582978
-0.042352559464959465
-0.04235511484267061
-0.04235766675868518
-0.04236021521272515
-0.042362760204512545
-0.042365301733769345
-0.04236783980021757
-0.0423703744035792
-0.04237290554357621
-0.042375433219930675
-0.042377957432364464
-0.04238047818059967
-0.04238299546435825
-0.04238550928336222
-0.04238801963733355
-0.04239052652599426
-0.042393029949066345
-0.04239552990627175
-0.042398026397332575
-0.04240051942197077
-0.04240300897990828
-0.04240549507086714
-0.04240797769456933
-0.04241045685073686
-0.04241293253909175
-0.04241540475935594
-0.04241787351125148
-0.04242033879450034
-0.04242280060882448
-0.04242525895394599
-0.042427713829586794
-0.04243016523546887
-0.04243261317131432
-0.042435057636845
-0.04243749863178295
-0.04243993615585026
-0.04244237020876885
-0.04244480079026066
-0.0424472279000478
-0.04244965153785218
-0.042452071703395856
-0.04245448839640077
-0.04245690161658897
-0.04245931136368244
-0.042461717637403106
-0.04246412043747305
-0.042466519763614215
-0.04246891561554868
-0.042471307992998315
-0.04247369689568519
-0.04247608232333134
-0.04247846427565868
-0.04248084275238922
-0.042483217753245026
-0.04248558927794799
-0.04248795732622016
-0.042490321897783574
-0.04249268299236018
-0.04249504060967194
-0.04249739474944093
-0.04249974541138911
-0.04250209259523842
-0.042504436300710935
-0.04250677652752861
-0.04250911327541351
-0.04251144654408753
-0.042513776333272704
-0.042516102642691046
-0.04251842547206453
-0.04252074482111519
-0.042523060689564934
-0.04252537307713587
-0.042527681983549934
-0.04252998740852913
-0.04253228935179546
-0.04253458781307084
-0.04253688279207725
-0.04253917428853641
-0.04254146230217024
-0.042543746832700464
-0.042546027879849006
-0.04254830544333773
-0.04255057952288842
-0.042552850118222886
-0.04255511722906303
-0.04255738085513064
-0.04255964099614754
-0.042561897651835594
-0.0425641508219167
-0.042566400506112566
-0.04256864670414512
-0.04257088941573613
-0.04257312864060748
-0.04257536437848099
-0.042577596629078535
-0.042579825392121864
-0.042582050667332894
-0.04258427245443343
-0.042586490753145294
-0.04258870556319035
-0.04259091688429042
-0.04259312471616734
-0.042595329058542936
-0.04259752991113904
-0.04259972727367752
-0.042601921145880205
-0.042604111527468874
-0.04260629841816545
-0.04260848181769169
-0.04261066172576944
-0.04261283814212062
-0.04261501106646697
-0.04261718049853037
-0.04261934643803266
-0.04262150888469561
-0.04262366783824117
-0.04262582329839107
-0.04262797526486722
-0.042630123737391376
-0.04263226871568545
-0.04263441019947127
-0.042636548188470604
-0.04263868268240539
-0.04264081368099736
-0.04264294118396844
-0.04264506519104039
-0.04264718570193511
-0.04264930271637436
-0.04265141623408004
-0.04265352625477396
-0.04265563277817798
-0.04265773580401392
-0.042659835332003564
-0.04266193136186884
-0.042664023893331564
-0.04266611292611348
-0.042668198459936524
-0.0426702804945225
-0.042672359029593245
-0.04267443406487056
-0.04267650560007636
-0.04267857363493236
-0.042680638169160554
-0.04268269920248265
-0.04268475673462052
-0.04268681076529603
-0.04268886129423095
-0.04269090832114718
-0.04269295184576653
-0.042694991867810846
-0.04269702838700192
-0.042699061403061664
-0.04270109091571187
-0.04270311692467436
-0.04270513942967099
-0.04270715843042358
-0.042709173926653986
-0.04271118591808403
-0.04271319440443558
-0.0427151993854304
-0.042717200860796715
-0.04271919883028778
-0.04272119329366333
-0.042723184250683624
-0.04272517170111153
-0.0427271556447105
-0.042729136081244026
-0.04273111301047561
-0.04273308643216875
-0.042735056346086917
-0.042737022751993585
-0.04273898564965229
-0.04274094503882643
-0.04274290091927958
-0.042744853290775195
-0.042746802153076725
-0.04274874750594773
-0.04275068934915161
-0.042752627682451895
-0.04275456250561989
-0.042756493818457926
-0.0427584216207765
-0.042760345912387636
-0.04276226669310361
-0.04276418396273682
-0.04276609772109944
-0.042768007968002834
-0.04276991470325825
-0.0427718179266804
-0.042773717638097876
-0.042775613837342706
-0.04277750652424695
-0.042779395698642635
-0.04278128136036188
-0.042783163509236694
-0.042785042145099116
-0.042786917267781235
-0.04278878887711511
-0.04279065697293271
-0.04279252155506619
-0.04279438262334753
-0.04279624017760884
-0.04279809421768214
-0.04279994474339948
-0.04280179175459294
-0.042803635251094534
-0.042805475232736374
-0.04280731169935047
-0.04280914465076885
-0.042810974086823626
-0.0428128000073468
-0.042814622412170475
-0.04281644130112664
-0.04281825667404742
-0.04282006853076485
-0.042821876871110894
-0.04282368169491772
-0.04282548300201596
-0.042827280792230395
-0.04282907506538336
-0.04283086582129689
-0.04283265305979304
-0.042834436780693756
-0.042836216983821195
-0.04283799366899734
-0.042839766836043805
-0.042841536484780444
-0.04284330261502706
-0.04284506522660328
-0.04284682431932802
-0.04284857989302001
-0.042850331947497974
-0.042852080482580615
-0.042853825498086716
-0.04285556699383505
-0.04285730496964423
-0.04285903942533308
-0.04286077036072031
-0.04286249777562465
-0.04286422166986482
-0.04286594204325875
-0.04286765889562098
-0.04286937222676527
-0.04287108203650531
-0.0428727883246548
-0.042874491091027526
-0.042876190335437214
-0.04287788605769659
-0.042879578257614494
-0.04288126693499879
-0.04288295208965743
-0.04288463372139817
-0.04288631183002895
-0.04288798641535806
-0.04288965747719552
-0.042891325015351756
-0.04289298902963726
-0.04289464951986237
-0.042896306485837636
-0.042897959927373455
-0.04289960984428029
-0.04290125623636858
-0.04290289910345351
-0.04290453844536936
-0.04290617426195515
-0.04290780655304989
-0.04290943531849262
-0.04291106055812237
-0.04291268227177818
-0.04291430045930013
-0.042915915120532964
-0.04291752625532249
-0.04291913386351023
-0.0429207379449212
-0.04292233849938631
-0.04292393552677833
-0.042925529026985466
-0.04292711899989723
-0.04292870544540646
-0.042930288363419174
-0.0429318677538448
-0.04293344361659268
-0.04293501595157234
-0.04293658475869308
-0.042938150037864276
-0.042939711788998414
-0.0429412700120199
-0.042942824706856134
-0.04294437587343468
-0.042945923511682936
-0.0429474676215284
-0.04294900820289825
-0.042950545255718696
-0.042952078779915616
-0.04295360877541498
-0.04295513524214275
-0.04295665818002479
-0.04295817758898707
-0.042959693468955534
-0.04296120581985606
-0.04296271464161463
-0.04296421993415713
-0.042965721697409524
-0.04296721993129773
-0.042968714635747654
-0.04297020581068533
-0.04297169345603654
-0.042973177571727285
-0.0429746581576835
-0.04297613521383116
-0.04297760874009611
-0.04297907873640433
-0.04298054520268169
-0.04298200813885419
-0.04298346754484775
-0.042984923420588274
-0.0429863757660017
-0.042987824581013974
-0.042989269865550156
-0.04299071161953204
-0.04299214984288044
-0.042993584535516376
-0.04299501569736063
-0.04299644332833416
-0.04299786742835783
-0.04299928799735257
-0.04300070503525063
-0.04300211854202949
-0.04300352851767807
-0.043004934962185645
-0.04300633787554321
-0.043007737257742144
-0.04300913310877379
-0.04301052542862961
-0.04301191421730095
-0.04301329947477918
-0.04301468120105571
-0.043016059396122006
-0.04301743405996937
-0.04301880519258917
-0.04302017279397285
-0.04302153686411177
-0.04302289740299735
-0.04302425441062096
-0.04302560788697398
-0.04302695783204783
-0.04302830424583386
-0.043029647128323495
-0.04303098647950812
-0.04303232229937906
-0.04303365458792782
-0.0430349833451457
-0.04303630857102412
-0.04303763026555443
-0.04303894842872759
-0.04304026306053253
-0.043041574160957594
-0.04304288172999125
-0.04304418576762192
-0.04304548627383807
-0.04304678324862812
-0.04304807669198045
-0.043049366603883504
-0.043050652984331896
-0.043051935833344865
-0.04305321515094781
-0.04305449093716611
-0.043055763192025163
-0.04305703191555891
-0.043058297107835
-0.04305955876892746
-0.04306081689890995
-0.0430620714978562
-0.04306332256583976
-0.04306457010293429
-0.04306581410921354
-0.04306705458475397
-0.04306829152964635
-0.04306952494399417
-0.04307075482790352
-0.04307198118148039
-0.043073204004830834
-0.04307442329806096
-0.04307563906127597
-0.043076851294578604
-0.04307805999807085
-0.04307926517185467
-0.04308046681603198
-0.04308166493070481
-0.0430828595159751
-0.0430840505719448
-0.0430852380987159
-0.043086422096397375
-0.0430876025651237
-0.04308877950502688
-0.04308995291623658
-0.04309112279888243
-0.043092289153094036
-0.04309345197900105
-0.043094611276733086
-0.043095767046419806
-0.04309691928819088
-0.043098068002175874
-0.04309921318850446
-0.04310035484730625
-0.043101492978710895
-0.043102627582852375
-0.04310375865988189
-0.04310488620995515
-0.043106010233227625
-0.04310713072985505
-0.04310824769999289
-0.04310936114379682
-0.04311047106142243
-0.043111577453029376
-0.043112680318793874
-0.043113779658896116
-0.043114875473516306
-0.043115967762834786
-0.04311705652703175
-0.04311814176628743
-0.04311922348078206
-0.043120301670697685
-0.043121376336228236
-0.04312244747758818
-0.043123515094996824
-0.04312457918867345
-0.043125639758837396
-0.04312669680570784
-0.04312775032951158
-0.043128800330505236
-0.04312984680895233
-0.04313088976511397
-0.0431319291992509
-0.0431329651116236
-0.043133997502492735
-0.043135026372118884
-0.043136051720762715
-0.04313707354868476
-0.043138091856145644
-0.04313910664340603
-0.04314011791072646
-0.043141125658367585
-0.043142129886589935
-0.04314313059565424
-0.04314412778582102
-0.04314512145735089
-0.043146111610504474
-0.04314709824554234
-0.04314808136272515
-0.04314906096231353
-0.043150037044567956
-0.04315100960974923
-0.04315197865812396
-0.04315294418998401
-0.04315390620562713
-0.04315486470535127
-0.043155819689454256
-0.04315677115823398
-0.04315771911198839
-0.043158663551018495
-0.043159604475638366
-0.04316054188616512
-0.04316147578291599
-0.04316240616620823
-0.043163333036358824
-0.04316425639368448
-0.04316517623850159
-0.04316609257112669
-0.04316700539187631
-0.04316791470106685
-0.043168820499014895
-0.04316972278603686
-0.043170621562449246
-0.04317151682856859
-0.04317240858471135
-0.04317329683119425
-0.043174181568335086
-0.04317506279645197
-0.043175940515862876
-0.04317681472688592
-0.04317768542983907
-0.04317855262504044
-0.04317941631280804
-0.043180276493459936
-0.04318113316731421
-0.04318198633468887
-0.04318283599590197
-0.04318368215127157
-0.04318452480111569
-0.04318536394575243
-0.0431861995854998
-0.04318703172067585
-0.04318786035159865
-0.0431886854785862
-0.043189507101956646
-0.04319032522202794
-0.043191139839118174
-0.04319195095354544
-0.043192758565627695
-0.04319356267568302
-0.04319436328402954
-0.043195160390985185
-0.04319595399686808
-0.04319674410199949
-0.043197530706713554
-0.04319831381134772
-0.04319909341623928
-0.04319986952172574
-0.043200642128144444
-0.04320141123583279
-0.04320217684512812
-0.04320293895636794
-0.04320369756988955
-0.04320445268603035
-0.0432052043051278
-0.04320595242751926
-0.04320669705354208
-0.04320743818354256
-0.04320817581790243
-0.0432089099570124
-0.04320964060126298
-0.043210367751052144
-0.04321109140680681
-0.0432118115689612
-0.04321252823794955
-0.043213241414209944
-0.04321395109819604
-0.043214657290365444
-0.043215359991175685
-0.0432160592010843
-0.04321675492054885
-0.043217447150026955
-0.04321813588997608
-0.04321882114085804
-0.04321950290315154
-0.04322018117734706
-0.04322085596396508
-0.04322152726353281
-0.0432221950765792
-0.04322285940364103
-0.04322352024525694
-0.04322417760196616
-0.043224831474315585
-0.04322548186287796
-0.04322612876823238
-0.043226772190957934
-0.043227412131633634
-0.04322804859083849
-0.04322868156915167
-0.043229311067161706
-0.043229937085494975
-0.043230559624793025
-0.04323117868571911
-0.043231794268942275
-0.043232406375132225
-0.04323301500495872
-0.04323362015909163
-0.04323422183820118
-0.04323482004295924
-0.043235414774038174
-0.04323600603211034
-0.04323659381784946
-0.04323717813193454
-0.04323775897504392
-0.043238336347855164
-0.04323891025104606
-0.043239480685294346
-0.04324004765127768
-0.04324061114967374
-0.0432411711811603
-0.04324172774641497
-0.04324228084611551
-0.04324283048093964
-0.04324337665156502
-0.04324391935866937
-0.0432444586029304
-0.04324499438502586
-0.04324552670563332
-0.04324605556543061
-0.043246580965095364
-0.04324710290530533
-0.04324762138673818
-0.043248136410071865
-0.04324864797598524
-0.04324915608515746
-0.04324966073826757
-0.04325016193599457
-0.043250659679017714
-0.04325115396801606
-0.04325164480366866
-0.04325213218665466
-0.04325261611765312
-0.04325309659734415
-0.0432535736264203
-0.04325404720560923
-0.04325451733564727
-0.04325498401727171
-0.043255447251219964
-0.04325590703822958
-0.04325636337903804
-0.04325681627438269
-0.04325726572500117
-0.043257711731630906
-0.0432581542950094
-0.0432585934158741
-0.04325902909496249
-0.043259461333010694
-0.04325989013074966
-0.04326031548891022
-0.0432607374082237
-0.043261155889421254
-0.04326157093323422
-0.04326198254039373
-0.043262390711631155
-0.043262795447686346
-0.04326319674932976
-0.04326359461732356
-0.04326398905242556
-0.04326438005539352
-0.043264767626985286
-0.0432651517679573
-0.043265532479060696
-0.04326590976104523
-0.04326628361466505
-0.043266654040692916
-0.04326702103991377
-0.04326738461312561
-0.04326774476112928
-0.04326810148472563
-0.04326845478471556
-0.043268804661899966
-0.04326915111707972
-0.04326949415105569
-0.0432698337646287
-0.043270169958599725
-0.04327050273376963
-0.043270832090939244
-0.04327115803090947
-0.04327148055448114
-0.0432717996624552
-0.04327211535563248
-0.043272427634813905
-0.0432727365008003
-0.04327304195439256
-0.04327334399639157
-0.04327364262759824
-0.04327393784881335
-0.04327422966083792
-0.043274518064472675
-0.04327480306051857
-0.04327508464977651
-0.04327536283304925
-0.04327563761114747
-0.043275908984883586
-0.0432761769550702
-0.043276441522519776
-0.04327670268804489
-0.04327696045245809
-0.04327721481657186
-0.04327746578119874
-0.04327771334715121
-0.043277957515241876
-0.04327819828628439
-0.04327843566109692
-0.04327866964049929
-0.043278900225318835
-0.04327912741640724
-0.04327935121462221
-0.04327957162082116
-0.04327978863586182
-0.04328000226060179
-0.04328021249589861
-0.04328041934260999
-0.043280622801593394
-0.04328082287370654
-0.043281019559807024
-0.043281212860752365
-0.04328140277740029
-0.043281589310607896
-0.043281772461161744
-0.043281952229570604
-0.04328212861627397
-0.04328230162171135
-0.043282471246322195
-0.04328263749054642
-0.0432828003548253
-0.043282959839600475
-0.043283115945313616
-0.04328326867240832
-0.04328341802133588
-0.04328356399254953
-0.04328370658650245
-0.043283845803648496
-0.04328398164444375
-0.043284114109344775
-0.04328424319880825
-0.043284368913290835
-0.04328449125324918
-0.04328461021913989
-0.043284725811419664
-0.04328483803054506
-0.043284946876975115
-0.04328505235117836
-0.04328515445362557
-0.043285253184787584
-0.043285348545135244
-0.04328544053513935
-0.04328552915527345
-0.04328561440602201
-0.04328569628787225
-0.04328577480131128
-0.043285849946826264
-0.043285921724904364
-0.04328599013603282
-0.04328605518069874
-0.043286116859389275
-0.04328617517259156
-0.04328623012079207
-0.043286281704477354
-0.04328632992413383
-0.04328637478024798
-0.043286416273306226
-0.043286454403795076
-0.04328648917220103
-0.04328652057901045
-0.0432865486247098
-0.043286573309785616
-0.043286594634724264
-0.043286612600012195
-0.04328662720613588
-0.04328663845358177
-0.04328664634283642
-0.04328665087438701
-0.04328665204872071
-0.04328664986632481
-0.0432866443276865
-0.04328663543329305
-0.04328662318363211
-0.04328660757919588
-0.04328658862048814
-0.04328656630801544
-0.04328654064228439
-0.04328651162380159
-0.043286479253073606
-0.04328644353060676
-0.04328640445690613
-0.04328636203247648
-0.04328631625782264
-0.043286267133449366
-0.04328621465986141
-0.04328615883756364
-0.043286099667060755
-0.04328603714882533
-0.04328597128320079
-0.043285902070498324
-0.043285829511034345
-0.04328575360514594
-0.04328567435317547
-0.04328559175546775
-0.0432855058123772
-0.04328541652426081
-0.04328532389147547
-0.043285227914378076
-0.043285128593325534
-0.04328502592867473
-0.04328491992078265
-0.04328481057000615
-0.04328469787670209
-0.043284581841227486
-0.043284462463939195
-0.04328433974519412
-0.0432842136853492
-0.043284084284761305
-0.04328395154378744
-0.04328381546278602
-0.04328367604212227
-0.04328353328216293
-0.04328338718327476
-0.04328323774582463
-0.04328308497017921
-0.04328292885670532
-0.043282769405769625
-0.04328260661773912
-0.04328244049298036
-0.04328227103186028
-0.04328209823474552
-0.04328192210200292
-0.043281742633999275
-0.043281559831101345
-0.04328137369367586
-0.043281184222089646
-0.043280991416709484
-0.0432807952779021
-0.04328059580603392
-0.04328039300146982
-0.043280186864574355
-0.043279977395712016
-0.043279764595247315
-0.04327954846354508
-0.04327932900097164
-0.043279106207893575
-0.04327888008467737
-0.043278650631689675
-0.04327841784929708
-0.043278181737866156
-0.04327794229776353
-0.043277699529355736
-0.043277453433009386
-0.043277204009091054
-0.043276951257974226
-0.043276695180059874
-0.04327643577575598
-0.04327617304547047
-0.04327590698961125
-0.043275637608586194
-0.04327536490280327
-0.043275088872670384
-0.043274809518596205
-0.043274526840992096
-0.0432742408402704
-0.04327395151684322
-0.043273658871122785
-0.043273362903521316
-0.04327306361445099
-0.04327276100432401
-0.04327245507355259
-0.04327214582254886
-0.043271833251725116
-0.04327151736149453
-0.04327119815227437
-0.04327087562448303
-0.04327054977853875
